11049
11053
11057
11084
11172
11178
11187
11192
11226
11232
11237
11259
11296
11352
11407
11417
11452
11505
11630
11673
11750
11758
11896
11913
11953
11989
11997
12070
12086
12129
12147
12154
12221
12241
12257
12268
12271
12273
12367
12378
12396
12428
12445
12499
12510
12519
12550
12646
12651
12684
12694
12699
12742
12760
12796
12882
12912
12944
12982
13018
13057
13088
13122
13126
13137
13140
13157
13170
13306
13376
13424
13511
13524
13571
13609
13637
13664
13671
13673
13745
13794
13812
13856
13881
13961
13982
13990
14008
14045
14055
14059
14147
14207
14238
14277
14295
14386
14448
14466
14499
14555
14635
14648
14656
14669
14687
14726
14781
14868
14910
14937
14960
14987
15002
15010
15035
15053
15077
15101
15142
15179
15250
15275
15294
15295
15299
15304
15332
15370
15456
15477
15490
15543
15560
15579
15588
15600
15613
15630
15638
15653
15658
15814
15828
15854
15873
15916
15976
16012
16100
16183
16197
16201
16213
16251
16269
16394
16486
16506
16515
16516
16525
16697
16700
16715
16836
16847
16878
16931
16966
16985
17058
17066
17082
17092
17131
17132
17135
17154
17207
17220
17239
17243
17250
17251
17291
17293
17348
17385
17408
17419
17432
17441
17455
17460
17488
17533
17562
17563
17634
17692
17728
17739
17767
17791
17832
17859
17871
17880
17924
17934
17954
17975
18027
18080
18094
18208
18211
18225
18230
18267
18321
18335
18419
18427
18435
18436
18439
18441
18518
18523
18526
18558
18581
18593
18630
18637
18647
18667
18705
18737
18745
18795
18803
18853
18944
18949
18975
19016
19058
19113
19133
19155
19260
19276
19307
19376
19386
19449
19495
19501
19566
19567
19729
19736
19825
19836
19923
19946
19977
19983
19986
