2
42
89
99
113
142
148
236
270
309
311
372
374
381
424
433
484
512
535
543
752
764
799
818
838
840
943
962
965
973
985
995
1039
1119
1180
1217
1275
1292
1384
1505
1569
1586
1598
1681
1785
1845
1855
1955
1973
2142
2270
2389
2551
2622
2657
2665
2695
2699
2701
2848
2947
3018
3049
3071
3077
3098
3126
3195
3266
3286
3299
3326
3396
3462
3487
3529
3620
3652
3678
3778
3785
3794
3846
3922
4038
4097
4135
4288
4307
4319
4327
4381
4390
4397
4419
4422
4431
4457
4467
4473
4505
4551
4623
4624
4680
4704
4738
4741
4755
4778
4784
4902
4950
5053
5067
5084
5091
5163
5220
5427
5539
5573
5705
5706
5715
5797
5966
6049
6064
6115
6160
6175
6186
6197
6233
6250
6288
6291
6292
6307
6406
6429
6471
6479
6682
6686
6697
6728
6733
6746
6755
6850
6869
6870
6918
6928
6938
6949
6956
6981
6993
7005
7090
7197
7305
7404
7525
7575
7601
7658
7688
7730
7741
7849
7928
8056
8190
8218
8227
8242
8247
8264
8333
8363
8386
8388
8431
8451
8570
8609
8625
8626
8692
8757
8775
8803
8836
8876
8928
8993
8994
9010
9051
9053
9072
9150
9188
9234
9337
9428
9446
9451
9519
9528
9629
9736
9900
9916
9919
9955
9977
9986
9991
9994
10005
10214
10217
10348
10357
10383
10414
10465
10495
10628
10645
10658
10705
10735
10744
10823
10862
10864
10924
10953
11049
11053
11057
11084
11172
11178
11187
11192
11226
11232
11237
11259
11296
11352
11407
11417
11452
11505
11630
11673
11750
11758
11896
11913
11953
11989
11997
12070
12086
12129
12147
12154
12221
12241
12257
12268
12271
12273
12367
12378
12396
12428
12445
12499
12510
12519
12550
12646
12651
12684
12694
12699
12742
12760
12796
12882
12912
12944
12982
13018
13057
13088
13122
13126
13137
13140
13157
13170
13306
13376
13424
13511
13524
13571
13609
13637
13664
13671
13673
13745
13794
13812
13856
13881
13961
13982
13990
14008
14045
14055
14059
14147
14207
14238
14277
14295
14386
14448
14466
14499
14555
14635
14648
14656
14669
14687
14726
14781
14868
14910
14937
14960
14987
15002
15010
15035
15053
15077
15101
15142
15179
15250
15275
15294
15295
15299
15304
15332
15370
15456
15477
15490
15543
15560
15579
15588
15600
15613
15630
15638
15653
15658
15814
15828
15854
15873
15916
15976
16012
16100
16183
16197
16201
16213
16251
16269
16394
16486
16506
16515
16516
16525
16697
16700
16715
16836
16847
16878
16931
16966
16985
17058
17066
17082
17092
17131
17132
17135
17154
17207
17220
17239
17243
17250
17251
17291
17293
17348
17385
17408
17419
17432
17441
17455
17460
17488
17533
17562
17563
17634
17692
17728
17739
17767
17791
17832
17859
17871
17880
17924
17934
17954
17975
18027
18080
18094
18208
18211
18225
18230
18267
18321
18335
18419
18427
18435
18436
18439
18441
18518
18523
18526
18558
18581
18593
18630
18637
18647
18667
18705
18737
18745
18795
18803
18853
18944
18949
18975
19016
19058
19113
19133
19155
19260
19276
19307
19376
19386
19449
19495
19501
19566
19567
19729
19736
19825
19836
19923
19946
19977
19983
19986
