2
42
89
99
113
142
148
236
270
309
311
372
374
381
424
433
484
512
535
543
752
764
799
818
838
840
943
962
965
973
985
995
1039
1119
1180
1217
1275
1292
1384
1505
1569
1586
1598
1681
1785
1845
1855
1955
1973
2142
2270
2389
2551
2622
2657
2665
2695
2699
2701
2848
2947
3018
3049
3071
3077
3098
3126
3195
3266
3286
3299
3326
3396
3462
3487
3529
3620
3652
3678
3778
3785
3794
3846
3922
4038
4097
4135
4288
4307
4319
4327
4381
4390
4397
4419
4422
4431
4457
4467
4473
4505
4551
4623
4624
4680
4704
4738
4741
4755
4778
4784
4902
4950
5053
5067
5084
5091
5163
5220
5427
5539
5573
5705
5706
5715
5797
5966
6049
6064
6115
6160
6175
6186
6197
6233
6250
6288
6291
6292
6307
6406
6429
6471
6479
6682
6686
6697
6728
6733
6746
6755
6850
6869
6870
6918
6928
6938
6949
6956
6981
6993
7005
7090
7197
7305
7404
7525
7575
7601
7658
7688
7730
7741
7849
7928
8056
8190
8218
8227
8242
8247
8264
8333
8363
8386
8388
8431
8451
8570
8609
8625
8626
8692
8757
8775
8803
8836
8876
8928
8993
8994
9010
9051
9053
9072
9150
9188
9234
9337
9428
9446
9451
9519
9528
9629
9736
9900
9916
9919
9955
9977
9986
9991
9994
10005
10214
10217
10348
10357
10383
10414
10465
10495
10628
10645
10658
10705
10735
10744
10823
10862
10864
10924
10953
