28.6458072662 5
28.7175752955 9
28.7893433249 16
28.8611113542 23
28.9328793835 30
29.0046474129 37
29.0764154422 43
29.1481834716 62
29.2199515009 55
29.2917195302 68
29.3634875596 78
29.4352555889 60
29.5070236182 92
29.5787916476 71
29.6505596769 94
29.7223277063 121
29.7940957356 101
29.8658637649 100
29.9376317943 121
30.0093998236 101
30.0811678529 125
30.1529358823 134
30.2247039116 119
30.296471941 131
30.3682399703 135
30.4400079996 120
30.511776029 127
30.5835440583 125
30.6553120876 121
30.727080117 127
30.7988481463 135
30.8706161756 151
30.942384205 120
31.0141522343 133
31.0859202637 125
31.157688293 140
31.2294563223 145
31.3012243517 144
31.372992381 164
31.4447604103 167
31.5165284397 180
31.588296469 176
31.6600644984 194
31.7318325277 222
31.803600557 249
31.8753685864 229
31.9471366157 251
32.018904645 221
32.0906726744 218
32.1624407037 251
32.234208733 261
32.3059767624 244
32.3777447917 272
32.4495128211 250
32.5212808504 242
32.5930488797 259
32.6648169091 238
32.7365849384 266
32.8083529677 245
32.8801209971 226
32.9518890264 252
33.0236570558 203
33.0954250851 238
33.1671931144 212
33.2389611438 226
33.3107291731 193
33.3824972024 211
33.4542652318 207
33.5260332611 204
33.5978012905 203
33.6695693198 179
33.7413373491 182
33.8131053785 167
33.8848734078 181
33.9566414371 156
34.0284094665 145
34.1001774958 129
34.1719455251 130
34.2437135545 141
34.3154815838 108
34.3872496132 101
34.4590176425 92
34.5307856718 91
34.6025537012 77
34.6743217305 84
34.7460897598 91
34.8178577892 101
34.8896258185 97
34.9613938479 57
35.0331618772 57
35.1049299065 56
35.1766979359 54
35.2484659652 28
35.3202339945 42
35.3920020239 43
35.4637700532 26
35.5355380826 19
35.6073061119 14
35.6790741412 11
35.7508421706 5
