28.6713562555 5
28.7432188161 9
28.8150813767 25
28.8869439373 19
28.9588064979 39
29.0306690585 49
29.1025316191 52
29.1743941796 52
29.2462567402 60
29.3181193008 65
29.3899818614 82
29.461844422 108
29.5337069826 91
29.6055695432 109
29.6774321038 102
29.7492946644 115
29.821157225 97
29.8930197856 125
29.9648823462 119
30.0367449067 126
30.1086074673 136
30.1804700279 147
30.2523325885 154
30.3241951491 148
30.3960577097 123
30.4679202703 149
30.5397828309 149
30.6116453915 128
30.6835079521 143
30.7553705127 116
30.8272330733 135
30.8990956339 122
30.9709581944 145
31.042820755 135
31.1146833156 137
31.1865458762 161
31.2584084368 147
31.3302709974 150
31.402133558 188
31.4739961186 216
31.5458586792 196
31.6177212398 240
31.6895838004 246
31.761446361 271
31.8333089215 278
31.9051714821 274
31.9770340427 289
32.0488966033 292
32.1207591639 314
32.1926217245 324
32.2644842851 339
32.3363468457 363
32.4082094063 342
32.4800719669 337
32.5519345275 316
32.6237970881 365
32.6956596487 348
32.7675222092 286
32.8393847698 300
32.9112473304 320
32.983109891 304
33.0549724516 317
33.1268350122 315
33.1986975728 289
33.2705601334 292
33.342422694 280
33.4142852546 309
33.4861478152 280
33.5580103758 254
33.6298729363 270
33.7017354969 250
33.7735980575 229
33.8454606181 209
33.9173231787 217
33.9891857393 202
34.0610482999 207
34.1329108605 164
34.2047734211 168
34.2766359817 146
34.3484985423 131
34.4203611029 124
34.4922236635 112
34.564086224 104
34.6359487846 89
34.7078113452 103
34.7796739058 105
34.8515364664 87
34.923399027 86
34.9952615876 71
35.0671241482 73
35.1389867088 60
35.2108492694 51
35.28271183 39
35.3545743906 51
35.4264369511 41
35.4982995117 22
35.5701620723 18
35.6420246329 16
35.7138871935 12
35.7857497541 2
