908
27
67
108
128
173
334
477
501
582
596
633
727
731
768
801
902
932
956
969
976
1037
1136
1142
1178
1493
1625
1855
1866
1868
1890
1983
2297
2355
2477
2565
2632
2656
2772
3532
3609
3703
3726
3887
3933
3949
4004
4010
4020
4182
4275
4332
4374
4410
4442
4476
4560
4857
4992
5175
5415
5518
5528
5672
5947
6005
6153
6197
6341
6713
6941
7035
7110
7269
7287
7313
7316
7376
7421
7499
7501
7580
7719
7732
7754
7895
8021
8122
8491
8708
8748
8851
8999
9008
9018
9030
9111
9127
9299
9350
9351
9391
9406
9463
9469
9567
9574
9582
9586
9624
9730
9747
9875
9876
9931
10258
10261
10303
10514
10566
10610
10651
10667
10676
10715
10734
10815
10959
