56
50
118
226
285
571
715
718
781
1023
1044
1088
1107
1155
1217
1320
1324
1487
1493
1521
1640
1668
1839
1852
2015
2253
2273
2290
2329
2428
2470
2607
2614
2732
2792
2811
2936
3167
3193
3201
3286
3298
3353
3479
3494
3511
3713
3813
3877
3893
4085
4178
4314
4330
4380
4618
4860
4880
4924
5003
5078
5174
5277
5335
5412
5449
5656
5831
5870
5927
5977
6051
6106
6195
6346
6376
6434
6442
6540
6632
6696
6783
6796
6801
6856
6877
6894
6939
7004
7041
7133
7151
7166
7184
7237
7398
7416
7573
7592
7600
7717
7785
7797
7834
7906
7968
8033
8038
8220
8234
8267
8372
8429
8530
8677
8978
9084
9183
9337
9340
9432
9520
9544
9618
9698
9908
9931
9996
10086
10115
10222
10223
10240
10314
10338
10379
10518
10548
10571
10638
10865
10891
11042
11157
11216
11238
11388
11575
11714
11780
11988
12126
12145
12165
12355
12388
12541
12781
12903
13281
13571
13705
14158
14169
14222
14235
14283
14564
14959
15061
15236
15391
15548
15644
15744
16251
16429
16466
16569
16647
16986
17449
17453
17634
17754
17979
18054
18350
18455
18673
18761
19002
19248
19352
19749
19921
19948
19965
