40.9142727487 12
41.0703191173 24
41.2263654859 85
41.3824118545 135
41.5384582231 177
41.6945045916 231
41.8505509602 326
42.0065973288 352
42.1626436974 407
42.318690066 437
42.4747364346 444
42.6307828032 458
42.7868291718 484
42.9428755404 460
43.0989219089 491
43.2549682775 477
43.4110146461 464
43.5670610147 401
43.7231073833 378
43.8791537519 428
44.0352001205 374
44.1912464891 373
44.3472928577 356
44.5033392262 324
44.6593855948 289
44.8154319634 252
44.971478332 228
45.1275247006 221
45.2835710692 201
45.4396174378 164
45.5956638064 187
45.751710175 158
45.9077565435 166
46.0638029121 136
46.2198492807 103
46.3758956493 93
46.5319420179 97
46.6879883865 87
46.8440347551 92
47.0000811237 80
47.1561274923 63
47.3121738608 72
47.4682202294 60
47.624266598 48
47.7803129666 53
47.9363593352 41
48.0924057038 30
48.2484520724 42
48.404498441 31
48.5605448096 18
48.7165911781 21
48.8726375467 19
49.0286839153 26
49.1847302839 14
49.3407766525 26
49.4968230211 16
49.6528693897 13
49.8089157583 17
49.9649621269 9
50.1210084955 7
50.277054864 5
50.4331012326 6
50.5891476012 7
50.7451939698 4
50.9012403384 2
51.057286707 1
51.2133330756 6
51.3693794442 3
51.5254258128 6
51.6814721813 3
51.8375185499 5
51.9935649185 3
52.1496112871 2
52.3056576557 2
52.4617040243 4
52.6177503929 5
52.7737967615 1
52.9298431301 2
53.0858894986 3
53.2419358672 1
53.3979822358 2
53.5540286044 1
53.710074973 2
53.8661213416 2
54.0221677102 2
54.1782140788 0
54.3342604474 0
54.4903068159 0
54.6463531845 1
54.8023995531 0
54.9584459217 1
55.1144922903 1
55.2705386589 1
55.4265850275 0
55.5826313961 0
55.7386777647 0
55.8947241332 1
56.0507705018 0
56.2068168704 0
56.362863239 1
