40.9629224783 24
41.1149068722 67
41.2668912662 123
41.4188756601 188
41.570860054 269
41.7228444479 405
41.8748288419 532
42.0268132358 570
42.1787976297 633
42.3307820236 696
42.4827664176 741
42.6347508115 798
42.7867352054 778
42.9387195993 740
43.0907039933 747
43.2426883872 760
43.3946727811 683
43.546657175 733
43.698641569 655
43.8506259629 570
44.0026103568 620
44.1545947507 598
44.3065791447 534
44.4585635386 470
44.6105479325 462
44.7625323264 417
44.9145167204 399
45.0665011143 402
45.2184855082 343
45.3704699022 334
45.5224542961 283
45.67443869 281
45.8264230839 265
45.9784074779 226
46.1303918718 198
46.2823762657 173
46.4343606596 165
46.5863450536 143
46.7383294475 135
46.8903138414 119
47.0422982353 111
47.1942826293 104
47.3462670232 104
47.4982514171 100
47.650235811 78
47.802220205 93
47.9542045989 49
48.1061889928 70
48.2581733867 48
48.4101577807 53
48.5621421746 57
48.7141265685 52
48.8661109625 38
49.0180953564 42
49.1700797503 39
49.3220641442 36
49.4740485382 27
49.6260329321 19
49.778017326 26
49.9300017199 24
50.0819861139 22
50.2339705078 11
50.3859549017 20
50.5379392956 19
50.6899236896 18
50.8419080835 7
50.9938924774 3
51.1458768713 13
51.2978612653 11
51.4498456592 11
51.6018300531 5
51.753814447 6
51.905798841 8
52.0577832349 2
52.2097676288 0
52.3617520228 4
52.5137364167 3
52.6657208106 1
52.8177052045 0
52.9696895985 2
53.1216739924 1
53.2736583863 1
53.4256427802 5
53.5776271742 1
53.7296115681 0
53.881595962 1
54.0335803559 0
54.1855647499 3
54.3375491438 2
54.4895335377 0
54.6415179316 1
54.7935023256 0
54.9454867195 2
55.0974711134 0
55.2494555073 1
55.4014399013 0
55.5534242952 0
55.7054086891 1
55.857393083 0
56.009377477 1
