20.8223007179 3
21.1407901982 0
21.4592796785 1
21.7777691588 5
22.0962586391 6
22.4147481194 13
22.7332375997 15
23.05172708 13
23.3702165603 30
23.6887060407 44
24.007195521 39
24.3256850013 59
24.6441744816 70
24.9626639619 99
25.2811534422 101
25.5996429225 116
25.9181324028 148
26.2366218831 184
26.5551113634 169
26.8736008437 219
27.192090324 237
27.5105798043 253
27.8290692846 317
28.1475587649 314
28.4660482452 306
28.7845377256 350
29.1030272059 403
29.4215166862 370
29.7400061665 397
30.0584956468 424
30.3769851271 427
30.6954746074 467
31.0139640877 431
31.332453568 493
31.6509430483 462
31.9694325286 474
32.2879220089 468
32.6064114892 420
32.9249009695 450
33.2433904498 459
33.5618799301 414
33.8803694104 379
34.1988588908 390
34.5173483711 333
34.8358378514 340
35.1543273317 301
35.472816812 297
35.7913062923 301
36.1097957726 260
36.4282852529 269
36.7467747332 251
37.0652642135 205
37.3837536938 204
37.7022431741 184
38.0207326544 150
38.3392221347 148
38.657711615 148
38.9762010953 120
39.2946905756 102
39.613180056 88
39.9316695363 85
40.2501590166 72
40.5686484969 50
40.8871379772 70
41.2056274575 54
41.5241169378 43
41.8426064181 38
42.1610958984 38
42.4795853787 38
42.798074859 27
43.1165643393 16
43.4350538196 14
43.7535432999 22
44.0720327802 19
44.3905222605 20
44.7090117409 16
45.0275012212 9
45.3459907015 7
45.6644801818 8
45.9829696621 4
46.3014591424 4
46.6199486227 2
46.938438103 4
47.2569275833 4
47.5754170636 7
47.8939065439 1
48.2123960242 4
48.5308855045 1
48.8493749848 3
49.1678644651 4
49.4863539454 0
49.8048434257 2
50.1233329061 0
50.4418223864 0
50.7603118667 2
51.078801347 0
51.3972908273 0
51.7157803076 1
52.0342697879 0
52.3527592682 3
