4665
6
164
232
347
372
397
417
436
439
470
496
567
680
734
790
863
905
907
947
950
960
1053
1096
1116
1137
1143
1169
1187
1209
1299
1331
1339
1387
1444
1484
1570
1702
1748
1821
1868
1876
1908
1960
2053
2077
2247
2288
2407
2507
2509
2624
2625
2704
2746
2873
3082
3093
3147
3157
3194
3222
3302
3306
3346
3361
3449
3499
3512
3528
3619
3664
3744
3761
3767
3805
3837
3844
3848
3892
3952
4061
4109
4121
4171
4258
4265
4313
4323
4339
4373
4427
4499
4576
4663
4707
4732
4755
4814
4816
4841
4843
4874
4886
4889
5012
5017
5018
5071
5074
5137
5147
5164
5342
5426
5454
5613
5646
5679
5851
5893
5976
5986
6117
6138
6212
6312
6321
6336
6353
6506
6548
6613
6662
6900
6949
6958
6960
7027
7069
7084
7125
7149
7181
7295
7330
7392
7433
7556
7778
7780
7806
7916
7939
8024
8081
8097
8158
8194
8195
8245
8281
8304
8323
8332
8357
8396
8440
8505
8550
8615
8697
8788
8962
9053
9054
9115
9126
9173
9248
9279
9281
9551
9738
9771
9858
