4266
33
78
793
1020
1105
1240
1745
1746
2065
2292
2504
2838
3086
3144
3235
3239
3287
3354
3866
3928
3951
3981
4188
4523
4530
4600
4649
4685
4693
4711
4731
4852
5464
5999
6112
6139
6318
6349
6679
7023
7148
7197
7209
7225
7341
7344
7601
7729
7736
7835
8098
8106
8181
8354
8811
8900
9066
9090
9292
9714
9808
9959
10201
10721
10740
10746
11110
11362
11560
11796
11806
11888
12133
12411
12858
13049
13292
14007
14296
14376
14391
14807
14902
15002
15038
15347
15633
16190
16195
16707
16734
16745
16908
16929
17366
17837
18272
18444
18605
18625
19279
19285
19816
