12017
9968
10027
10073
10086
10090
10141
10145
10348
10384
10518
10646
10661
10715
10734
10777
10844
10900
10918
10945
10947
10964
10997
10999
11037
11050
11086
11091
11101
11108
11209
11228
11236
11244
11343
11344
11345
11347
11397
11419
11421
11425
11427
11549
11575
11611
11659
11663
11671
11723
11732
11746
11763
11807
11860
11880
11887
11890
11903
11971
11972
11986
12042
12063
12067
12070
12076
12121
12125
12160
12169
12202
12243
12255
12270
12282
12313
12340
12341
12468
12475
12493
12513
12606
12626
12710
12820
12833
12834
12895
12910
12915
12950
13040
13098
13104
13119
13125
13143
13229
13250
13254
13268
13275
13297
13301
13302
13385
13426
13441
13491
13510
13511
13512
13599
13630
13648
13675
13748
13767
13835
13846
13925
13954
14061
14099
14133
14135
14171
14247
14256
14287
14330
14335
14343
14367
14418
14480
14484
14485
14486
14487
14553
14626
14651
14731
14737
14739
14753
14755
14757
14832
14852
14934
14960
14964
14976
14986
15000
15009
15013
15022
15033
15070
15082
15109
15138
15185
15198
15205
15221
15233
15251
15265
15289
15329
15441
15449
15486
15498
15506
15535
15560
15582
15584
15586
15592
15593
15639
15695
15707
15729
15740
15743
15745
15865
15882
15890
15914
15944
15994
16011
16026
16062
16077
16105
16147
16173
16202
16226
16265
16285
16289
16367
16404
16427
16455
16518
16521
16539
16625
16749
16802
16928
16933
16941
16989
17014
17060
17140
17162
17225
17280
17402
17426
17447
17511
17523
17541
17562
17585
17588
17601
17682
17714
17715
17738
17746
17850
17860
17861
17947
17998
18019
18021
18047
18089
18207
18237
18257
18338
18428
18443
18494
18552
18580
18653
18663
18729
18768
18772
18779
18804
18845
18849
18854
18892
18893
18894
18900
18922
18941
18948
19015
19053
19078
19189
19221
19253
19318
19320
19325
19353
19435
19450
19558
19578
19612
19620
19659
19750
19752
19763
19767
19768
19776
19815
19877
19882
19953
19989
