9908
10142
10143
10215
10314
10345
10361
10399
10473
10499
10547
10611
10614
10618
10645
10677
10679
10695
10736
10800
10872
11009
11022
11256
11266
11268
11314
11371
11378
11387
11389
11538
11567
11571
11606
11667
11760
11771
11772
11813
11973
12027
12079
12329
12437
12489
12506
12541
12751
12933
12938
12980
13099
13109
13176
13227
13345
13498
13571
13614
13649
13658
13669
13721
13771
13817
13928
13952
14025
14155
14161
14167
14276
14351
14434
14441
14499
14510
14580
14751
14761
14790
14850
14863
15001
15089
15125
15273
15280
15302
15352
15380
15386
15462
15488
15559
15615
15821
15875
15880
15892
15903
15968
16044
16109
16141
16179
16221
16251
16264
16314
16339
16362
16370
16374
16398
16430
16445
16450
16498
16524
16535
16620
16624
16655
16685
16699
16788
16835
17037
17056
17120
17234
17323
17433
17458
17464
17740
17800
17808
17890
17920
17953
18247
18526
18617
18675
18812
18826
18827
18883
19022
19046
19207
19234
19310
19339
19358
19380
19394
19431
19500
19516
19568
19637
19707
19775
19796
19855
19865
19871
19884
19912
19943
19995
