28.8032798322 22
28.9587374449 85
29.1141950575 173
29.2696526702 272
29.4251102828 339
29.5805678955 471
29.7360255081 419
29.8914831208 483
30.0469407334 509
30.2023983461 528
30.3578559587 539
30.5133135714 546
30.668771184 535
30.8242287967 501
30.9796864093 510
31.135144022 505
31.2906016346 490
31.4460592473 464
31.6015168599 408
31.7569744726 386
31.9124320852 373
32.0678896979 343
32.2233473105 297
32.3788049232 297
32.5342625358 259
32.6897201485 275
32.8451777611 245
33.0006353738 221
33.1560929864 207
33.3115505991 203
33.4670082117 183
33.6224658244 137
33.777923437 122
33.9333810497 123
34.0888386623 102
34.244296275 91
34.3997538876 90
34.5552115003 90
34.7106691129 85
34.8661267256 83
35.0215843382 60
35.1770419509 63
35.3324995635 56
35.4879571762 43
35.6434147888 44
35.7988724015 38
35.9543300141 34
36.1097876268 33
36.2652452394 26
36.4207028521 39
36.5761604647 26
36.7316180774 21
36.8870756901 17
37.0425333027 23
37.1979909154 14
37.353448528 18
37.5089061407 17
37.6643637533 12
37.819821366 10
37.9752789786 8
38.1307365913 7
38.2861942039 9
38.4416518166 9
38.5971094292 7
38.7525670419 7
38.9080246545 7
39.0634822672 8
39.2189398798 0
39.3743974925 2
39.5298551051 4
39.6853127178 2
39.8407703304 0
39.9962279431 3
40.1516855557 2
40.3071431684 1
40.462600781 3
40.6180583937 0
40.7735160063 0
40.928973619 0
41.0844312316 0
41.2398888443 0
41.3953464569 1
41.5508040696 0
41.7062616822 2
41.8617192949 0
42.0171769075 0
42.1726345202 1
42.3280921328 0
42.4835497455 0
42.6390073581 2
42.7944649708 0
42.9499225834 0
43.1053801961 0
43.2608378087 0
43.4162954214 0
43.571753034 0
43.7272106467 0
43.8826682593 0
44.038125872 0
44.1935834846 1
