28.775141868 26
28.9347584712 109
29.0943750744 252
29.2539916775 343
29.4136082807 460
29.5732248839 509
29.7328414871 640
29.8924580902 724
30.0520746934 730
30.2116912966 784
30.3713078998 749
30.530924503 759
30.6905411061 713
30.8501577093 721
31.0097743125 738
31.1693909157 677
31.3290075188 635
31.488624122 586
31.6482407252 567
31.8078573284 555
31.9674739316 522
32.1270905347 461
32.2867071379 444
32.4463237411 431
32.6059403443 368
32.7655569475 347
32.9251735506 328
33.0847901538 281
33.244406757 294
33.4040233602 224
33.5636399633 211
33.7232565665 206
33.8828731697 173
34.0424897729 150
34.2021063761 152
34.3617229792 151
34.5213395824 141
34.6809561856 125
34.8405727888 104
35.0001893919 99
35.1598059951 78
35.3194225983 68
35.4790392015 63
35.6386558047 70
35.7982724078 47
35.957889011 47
36.1175056142 41
36.2771222174 60
36.4367388205 36
36.5963554237 36
36.7559720269 28
36.9155886301 28
37.0752052333 20
37.2348218364 29
37.3944384396 17
37.5540550428 15
37.713671646 12
37.8732882491 15
38.0329048523 16
38.1925214555 12
38.3521380587 12
38.5117546619 9
38.671371265 3
38.8309878682 9
38.9906044714 2
39.1502210746 9
39.3098376777 2
39.4694542809 3
39.6290708841 6
39.7886874873 1
39.9483040905 6
40.1079206936 5
40.2675372968 2
40.4271539 0
40.5867705032 2
40.7463871063 1
40.9060037095 2
41.0656203127 1
41.2252369159 1
41.3848535191 0
41.5444701222 1
41.7040867254 2
41.8637033286 0
42.0233199318 0
42.182936535 0
42.3425531381 1
42.5021697413 0
42.6617863445 0
42.8214029477 0
42.9810195508 0
43.140636154 0
43.3002527572 0
43.4598693604 0
43.6194859636 0
43.7791025667 0
43.9387191699 0
44.0983357731 0
44.2579523763 0
44.4175689794 0
44.5771855826 1
