18.8621749042 17
18.977055461 48
19.0919360178 81
19.2068165746 92
19.3216971315 146
19.4365776883 186
19.5514582451 204
19.6663388019 249
19.7812193587 309
19.8960999155 327
20.0109804723 338
20.1258610292 379
20.240741586 374
20.3556221428 430
20.4705026996 428
20.5853832564 414
20.7002638132 431
20.81514437 497
20.9300249269 432
21.0449054837 441
21.1597860405 436
21.2746665973 413
21.3895471541 382
21.5044277109 402
21.6193082677 429
21.7341888245 367
21.8490693814 376
21.9639499382 297
22.078830495 306
22.1937110518 305
22.3085916086 283
22.4234721654 297
22.5383527222 271
22.6532332791 283
22.7681138359 247
22.8829943927 247
22.9978749495 212
23.1127555063 205
23.2276360631 192
23.3425166199 182
23.4573971768 151
23.5722777336 164
23.6871582904 168
23.8020388472 163
23.916919404 130
24.0317999608 134
24.1466805176 120
24.2615610745 108
24.3764416313 126
24.4913221881 96
24.6062027449 95
24.7210833017 87
24.8359638585 72
24.9508444153 77
25.0657249722 79
25.180605529 67
25.2954860858 54
25.4103666426 58
25.5252471994 51
25.6401277562 57
25.755008313 47
25.8698888699 49
25.9847694267 43
26.0996499835 26
26.2145305403 34
26.3294110971 36
26.4442916539 32
26.5591722107 17
26.6740527676 19
26.7889333244 19
26.9038138812 11
27.018694438 13
27.1335749948 12
27.2484555516 17
27.3633361084 17
27.4782166652 12
27.5930972221 11
27.7079777789 9
27.8228583357 15
27.9377388925 8
28.0526194493 12
28.1675000061 5
28.2823805629 5
28.3972611198 3
28.5121416766 7
28.6270222334 6
28.7419027902 2
28.856783347 8
28.9716639038 7
29.0865444606 6
29.2014250175 1
29.3163055743 2
29.4311861311 4
29.5460666879 2
29.6609472447 2
29.7758278015 1
29.8907083583 1
30.0055889152 0
30.120469472 1
30.2353500288 1
