18.7441004336 8
18.8580914436 15
18.9720824535 42
19.0860734635 74
19.2000644735 104
19.3140554834 151
19.4280464934 195
19.5420375034 248
19.6560285134 273
19.7700195233 298
19.8840105333 345
19.9980015433 370
20.1119925532 425
20.2259835632 380
20.3399745732 403
20.4539655832 433
20.5679565931 460
20.6819476031 445
20.7959386131 451
20.909929623 418
21.023920633 437
21.137911643 453
21.2519026529 467
21.3658936629 430
21.4798846729 406
21.5938756828 411
21.7078666928 413
21.8218577028 380
21.9358487128 344
22.0498397227 360
22.1638307327 341
22.2778217427 323
22.3918127526 305
22.5058037626 301
22.6197947726 259
22.7337857826 290
22.8477767925 254
22.9617678025 263
23.0757588125 262
23.1897498224 222
23.3037408324 231
23.4177318424 197
23.5317228523 176
23.6457138623 167
23.7597048723 148
23.8736958822 131
23.9876868922 134
24.1016779022 141
24.2156689122 106
24.3296599221 133
24.4436509321 96
24.5576419421 103
24.671632952 90
24.785623962 99
24.899614972 86
25.013605982 79
25.1275969919 64
25.2415880019 63
25.3555790119 65
25.4695700218 60
25.5835610318 58
25.6975520418 51
25.8115430517 44
25.9255340617 44
26.0395250717 41
26.1535160816 26
26.2675070916 33
26.3814981016 37
26.4954891116 20
26.6094801215 27
26.7234711315 25
26.8374621415 19
26.9514531514 17
27.0654441614 17
27.1794351714 20
27.2934261814 13
27.4074171913 13
27.5214082013 15
27.6353992113 12
27.7493902212 14
27.8633812312 14
27.9773722412 7
28.0913632511 8
28.2053542611 8
28.3193452711 4
28.433336281 3
28.547327291 4
28.661318301 3
28.775309311 3
28.8893003209 5
29.0032913309 4
29.1172823409 3
29.2312733508 5
29.3452643608 7
29.4592553708 4
29.5732463807 0
29.6872373907 3
29.8012284007 2
29.9152194107 2
30.0292104206 1
