11123
11201
11243
11549
11558
11651
11687
11715
11882
11926
11973
12121
12225
12412
12464
12670
12744
12772
12837
12867
12955
13093
13220
13230
13250
13285
13349
13363
13386
13397
13477
13553
13562
13694
13754
13755
13760
13798
13876
14000
14062
14114
14205
14246
14282
14290
14348
14459
14588
14644
14718
14748
14844
14846
15032
15079
15118
15407
15416
15463
15733
15763
15849
15887
16040
16091
16273
16419
16543
16550
16572
16603
16634
16649
16687
16863
16909
16969
17046
17198
17237
17311
17455
17567
17655
17694
17716
17779
17950
18136
18199
18243
18323
18353
18364
18423
18470
18581
18582
18645
18654
18676
18734
19301
19339
19366
19380
19470
19664
19683
19719
