59.6211150142 28
59.7755878371 83
59.9300606599 171
60.0845334828 297
60.2390063057 423
60.3934791285 504
60.5479519514 633
60.7024247742 633
60.8568975971 714
61.01137042 673
61.1658432428 744
61.3203160657 744
61.4747888886 755
61.6292617114 741
61.7837345343 629
61.9382073571 667
62.09268018 615
62.2471530029 618
62.4016258257 560
62.5560986486 489
62.7105714715 488
62.8650442943 436
63.0195171172 412
63.17398994 355
63.3284627629 371
63.4829355858 320
63.6374084086 281
63.7918812315 272
63.9463540544 267
64.1008268772 211
64.2552997001 211
64.409772523 203
64.5642453458 156
64.7187181687 180
64.8731909915 149
65.0276638144 140
65.1821366373 126
65.3366094601 100
65.491082283 112
65.6455551059 117
65.8000279287 97
65.9545007516 85
66.1089735744 75
66.2634463973 70
66.4179192202 51
66.572392043 38
66.7268648659 48
66.8813376888 48
67.0358105116 42
67.1902833345 42
67.3447561574 29
67.4992289802 32
67.6537018031 37
67.8081746259 28
67.9626474488 21
68.1171202717 23
68.2715930945 24
68.4260659174 16
68.5805387403 10
68.7350115631 18
68.889484386 7
69.0439572088 16
69.1984300317 9
69.3529028546 10
69.5073756774 7
69.6618485003 7
69.8163213232 0
69.970794146 6
70.1252669689 5
70.2797397917 2
70.4342126146 3
70.5886854375 3
70.7431582603 4
70.8976310832 1
71.0521039061 3
71.2065767289 3
71.3610495518 6
71.5155223747 1
71.6699951975 0
71.8244680204 1
71.9789408432 1
72.1334136661 4
72.287886489 1
72.4423593118 1
72.5968321347 1
72.7513049576 0
72.9057777804 0
73.0602506033 0
73.2147234261 0
73.369196249 0
73.5236690719 0
73.6781418947 0
73.8326147176 0
73.9870875405 0
74.1415603633 0
74.2960331862 0
74.450506009 0
74.6049788319 0
74.7594516548 0
74.9139244776 1
