59.6422871218 28
59.8202907388 109
59.9982943558 227
60.1762979728 353
60.3543015898 471
60.5323052069 575
60.7103088239 617
60.8883124409 666
61.0663160579 653
61.2443196749 629
61.4223232919 704
61.6003269089 701
61.7783305259 616
61.9563341429 600
62.13433776 577
62.312341377 555
62.490344994 475
62.668348611 489
62.846352228 412
63.024355845 399
63.202359462 325
63.380363079 335
63.558366696 280
63.7363703131 289
63.9143739301 225
64.0923775471 224
64.2703811641 190
64.4483847811 152
64.6263883981 184
64.8043920151 134
64.9823956321 121
65.1603992491 127
65.3384028662 118
65.5164064832 89
65.6944101002 88
65.8724137172 97
66.0504173342 75
66.2284209512 53
66.4064245682 52
66.5844281852 59
66.7624318022 40
66.9404354193 36
67.1184390363 34
67.2964426533 28
67.4744462703 26
67.6524498873 18
67.8304535043 29
68.0084571213 20
68.1864607383 15
68.3644643553 17
68.5424679723 6
68.7204715894 10
68.8984752064 12
69.0764788234 9
69.2544824404 10
69.4324860574 8
69.6104896744 2
69.7884932914 5
69.9664969084 1
70.1445005254 4
70.3225041425 4
70.5005077595 2
70.6785113765 2
70.8565149935 3
71.0345186105 4
71.2125222275 2
71.3905258445 1
71.5685294615 2
71.7465330785 4
71.9245366956 1
72.1025403126 0
72.2805439296 0
72.4585475466 1
72.6365511636 0
72.8145547806 1
72.9925583976 0
73.1705620146 1
73.3485656316 1
73.5265692487 0
73.7045728657 0
73.8825764827 0
74.0605800997 0
74.2385837167 1
74.4165873337 0
74.5945909507 0
74.7725945677 0
74.9505981847 0
75.1286018018 0
75.3066054188 0
75.4846090358 0
75.6626126528 0
75.8406162698 0
76.0186198868 0
76.1966235038 0
76.3746271208 0
76.5526307378 0
76.7306343549 0
76.9086379719 0
77.0866415889 0
77.2646452059 1
