33.2244753863 8
33.3067325766 20
33.388989767 49
33.4712469573 70
33.5535041477 98
33.6357613381 111
33.7180185284 143
33.8002757188 146
33.8825329091 187
33.9647900994 180
34.0470472898 223
34.1293044801 266
34.2115616705 271
34.2938188609 316
34.3760760512 304
34.4583332416 326
34.5405904319 320
34.6228476222 352
34.7051048126 342
34.787362003 328
34.8696191933 330
34.9518763837 332
35.034133574 361
35.1163907644 340
35.1986479547 342
35.280905145 340
35.3631623354 365
35.4454195258 380
35.5276767161 343
35.6099339065 326
35.6921910968 318
35.7744482872 334
35.8567054775 341
35.9389626678 301
36.0212198582 264
36.1034770486 321
36.1857342389 246
36.2679914293 288
36.3502486196 281
36.43250581 257
36.5147630003 232
36.5970201906 257
36.679277381 267
36.7615345714 227
36.8437917617 241
36.9260489521 264
37.0083061424 205
37.0905633328 217
37.1728205231 179
37.2550777134 193
37.3373349038 209
37.4195920942 204
37.5018492845 164
37.5841064749 158
37.6663636652 165
37.7486208556 185
37.8308780459 154
37.9131352362 160
37.9953924266 150
38.077649617 139
38.1599068073 120
38.2421639977 113
38.324421188 102
38.4066783784 98
38.4889355687 112
38.5711927591 100
38.6534499494 77
38.7357071398 79
38.8179643301 72
38.9002215205 78
38.9824787108 69
39.0647359012 61
39.1469930915 67
39.2292502818 67
39.3115074722 52
39.3937646626 57
39.4760218529 41
39.5582790433 39
39.6405362336 42
39.722793424 27
39.8050506143 33
39.8873078047 39
39.969564995 37
40.0518221854 23
40.1340793757 24
40.2163365661 22
40.2985937564 15
40.3808509468 10
40.4631081371 9
40.5453653275 5
40.6276225178 6
40.7098797082 6
40.7921368985 0
40.8743940889 1
40.9566512792 0
41.0389084696 1
41.1211656599 4
41.2034228503 2
41.2856800406 3
41.367937231 1
