33.1582554389 3
33.2417244433 10
33.3251934478 24
33.4086624522 46
33.4921314567 62
33.5756004611 99
33.6590694656 121
33.74253847 127
33.8260074745 138
33.9094764789 188
33.9929454834 187
34.0764144878 220
34.1598834923 214
34.2433524967 253
34.3268215012 264
34.4102905056 283
34.4937595101 281
34.5772285145 298
34.6606975189 288
34.7441665234 291
34.8276355278 292
34.9111045323 297
34.9945735367 294
35.0780425412 291
35.1615115456 293
35.2449805501 322
35.3284495545 318
35.411918559 307
35.4953875634 297
35.5788565679 264
35.6623255723 297
35.7457945768 290
35.8292635812 288
35.9127325857 260
35.9962015901 270
36.0796705945 253
36.163139599 256
36.2466086034 210
36.3300776079 232
36.4135466123 224
36.4970156168 207
36.5804846212 199
36.6639536257 229
36.7474226301 223
36.8308916346 199
36.914360639 202
36.9978296435 201
37.0812986479 166
37.1647676524 200
37.2482366568 202
37.3317056612 162
37.4151746657 132
37.4986436701 155
37.5821126746 144
37.665581679 139
37.7490506835 123
37.8325196879 113
37.9159886924 125
37.9994576968 96
38.0829267013 119
38.1663957057 98
38.2498647102 97
38.3333337146 97
38.4168027191 103
38.5002717235 91
38.583740728 65
38.6672097324 90
38.7506787368 88
38.8341477413 72
38.9176167457 56
39.0010857502 71
39.0845547546 75
39.1680237591 47
39.2514927635 56
39.334961768 46
39.4184307724 50
39.5018997769 45
39.5853687813 35
39.6688377858 37
39.7523067902 34
39.8357757947 34
39.9192447991 30
40.0027138036 26
40.086182808 24
40.1696518124 27
40.2531208169 11
40.3365898213 11
40.4200588258 4
40.5035278302 6
40.5869968347 3
40.6704658391 8
40.7539348436 1
40.837403848 3
40.9208728525 4
41.0043418569 2
41.0878108614 0
41.1712798658 2
41.2547488703 1
41.3382178747 2
41.4216868792 5
