73.0889352249 3
73.4420673366 0
73.7951994483 0
74.14833156 1
74.5014636718 3
74.8545957835 2
75.2077278952 4
75.5608600069 6
75.9139921187 3
76.2671242304 3
76.6202563421 7
76.9733884538 8
77.3265205655 15
77.6796526773 22
78.032784789 7
78.3859169007 17
78.7390490124 16
79.0921811242 37
79.4453132359 23
79.7984453476 30
80.1515774593 37
80.5047095711 56
80.8578416828 70
81.2109737945 73
81.5641059062 84
81.9172380179 115
82.2703701297 119
82.6235022414 133
82.9766343531 134
83.3297664648 169
83.6828985766 186
84.0360306883 232
84.3891628 240
84.7422949117 232
85.0954270234 240
85.4485591352 268
85.8016912469 288
86.1548233586 277
86.5079554703 311
86.8610875821 319
87.2142196938 330
87.5673518055 294
87.9204839172 304
88.273616029 295
88.6267481407 325
88.9798802524 318
89.3330123641 304
89.6861444758 301
90.0392765876 295
90.3924086993 308
90.745540811 295
91.0986729227 295
91.4518050345 290
91.8049371462 254
92.1580692579 259
92.5112013696 249
92.8643334813 220
93.2174655931 219
93.5705977048 213
93.9237298165 194
94.2768619282 192
94.62999404 144
94.9831261517 156
95.3362582634 136
95.6893903751 109
96.0425224869 115
96.3956545986 108
96.7487867103 80
97.101918822 81
97.4550509337 79
97.8081830455 57
98.1613151572 44
98.5144472689 59
98.8675793806 54
99.2207114924 41
99.5738436041 31
99.9269757158 24
100.280107828 29
100.633239939 15
100.986372051 11
101.339504163 16
101.692636274 13
102.045768386 16
102.398900498 9
102.75203261 11
103.105164721 10
103.458296833 8
103.811428945 9
104.164561056 6
104.517693168 4
104.87082528 5
105.223957392 1
105.577089503 2
105.930221615 0
106.283353727 1
106.636485839 1
106.98961795 1
107.342750062 0
107.695882174 0
108.049014285 1
