0.377933204174 0.0 1.0 0.0
1.37793320417 0.0 0.398479627009 41.86
2.37793320417 0.0 0.555980496517 94.3466666667
3.37793320417 0.0 0.549853951889 98.7533333333
4.37793320417 0.0 0.365162694501 99.9
5.37793320417 9.46146128656e-297 0.301467642438 99.4866666667
6.37793320417 1.34651198625e-96 0.170287966188 98.2066666667
7.37793320417 0.00150174382645 0.0259184293147 99.8066666667
8.37793320417 1.20491344941e-138 0.204653038019 99.9866666667
9.37793320417 1.0 0.0 97.2
10.3779332042 1.0 0.0 99.84
11.3779332042 1.0 0.0 100.0
12.3779332042 1.0 0.0 100.0
13.3779332042 1.0 0.0 100.0
14.3779332042 1.0 0.0 100.0
15.3779332042 1.0 0.0 100.0
16.3779332042 1.0 0.0 100.0
17.3779332042 1.0 0.0 100.0
