20.0102965499 2
20.3473551187 1
20.6844136874 1
21.0214722562 1
21.3585308249 3
21.6955893937 6
22.0326479624 6
22.3697065312 13
22.7067651 14
23.0438236687 33
23.3808822375 44
23.7179408062 51
24.054999375 63
24.3920579437 70
24.7291165125 81
25.0661750813 113
25.40323365 144
25.7402922188 165
26.0773507875 199
26.4144093563 216
26.751467925 229
27.0885264938 276
27.4255850626 282
27.7626436313 308
28.0997022001 378
28.4367607688 368
28.7738193376 392
29.1108779063 398
29.4479364751 433
29.7849950439 446
30.1220536126 516
30.4591121814 530
30.7961707501 513
31.1332293189 551
31.4702878876 525
31.8073464564 498
32.1444050252 540
32.4814635939 489
32.8185221627 459
33.1555807314 452
33.4926393002 397
33.8296978689 423
34.1667564377 445
34.5038150065 396
34.8408735752 367
35.177932144 331
35.5149907127 323
35.8520492815 282
36.1891078502 295
36.526166419 229
36.8632249878 248
37.2002835565 182
37.5373421253 202
37.874400694 161
38.2114592628 157
38.5485178315 116
38.8855764003 105
39.222634969 81
39.5596935378 82
39.8967521066 74
40.2338106753 76
40.5708692441 59
40.9079278128 45
41.2449863816 43
41.5820449503 33
41.9191035191 32
42.2561620879 16
42.5932206566 22
42.9302792254 12
43.2673377941 21
43.6043963629 23
43.9414549316 16
44.2785135004 8
44.6155720692 10
44.9526306379 10
45.2896892067 5
45.6267477754 5
45.9638063442 3
46.3008649129 6
46.6379234817 4
46.9749820505 1
47.3120406192 1
47.649099188 2
47.9861577567 1
48.3232163255 1
48.6602748942 0
48.997333463 2
49.3343920318 1
49.6714506005 0
50.0085091693 0
50.345567738 1
50.6826263068 1
51.0196848755 0
51.3567434443 0
51.6938020131 0
52.0308605818 0
52.3679191506 0
52.7049777193 1
53.0420362881 0
53.3790948568 1
