4665
6
164
232
347
372
397
417
436
439
470
496
567
680
734
790
863
905
907
947
950
960
1053
1096
1116
1137
1143
1169
1187
1209
1299
1331
1339
1387
1444
1484
1570
1702
1748
1821
1868
1876
1908
1960
2053
2077
2247
2288
2407
2507
2509
2624
2625
2704
2746
2873
3082
3093
3147
3157
3194
3222
3302
3306
3346
3361
3449
3499
3512
3528
3619
3664
3744
3761
3767
3805
3837
3844
3848
3892
3952
4061
4109
4121
4171
4258
4265
4313
4323
4339
4373
4427
4499
4576
4663
4707
4732
4755
4814
4816
4841
4843
4874
4886
4889
5012
5017
5018
5071
5074
5137
5147
5164
5342
5426
5454
5613
5646
5679
5851
5893
5976
5986
6117
6138
6212
6312
6321
6336
6353
6506
6548
6613
6662
6900
6949
6958
6960
7027
7069
7084
7125
7149
7181
7295
7330
7392
7433
7556
7778
7780
7806
7916
7939
8024
8081
8097
8158
8194
8195
8245
8281
8304
8323
8332
8357
8396
8440
8505
8550
8615
8697
8788
8962
9053
9054
9115
9126
9173
9248
9279
9281
9551
9738
9771
9858
9908
10142
10143
10215
10314
10345
10361
10399
10473
10499
10547
10611
10614
10618
10645
10677
10679
10695
10736
10800
10872
11009
11022
11256
11266
11268
11314
11371
11378
11387
11389
11538
11567
11571
11606
11667
11760
11771
11772
11813
11973
12027
12079
12329
12437
12489
12506
12541
12751
12933
12938
12980
13099
13109
13176
13227
13345
13498
13571
13614
13649
13658
13669
13721
13771
13817
13928
13952
14025
14155
14161
14167
14276
14351
14434
14441
14499
14510
14580
14751
14761
14790
14850
14863
15001
15089
15125
15273
15280
15302
15352
15380
15386
15462
15488
15559
15615
15821
15875
15880
15892
15903
15968
16044
16109
16141
16179
16221
16251
16264
16314
16339
16362
16370
16374
16398
16430
16445
16450
16498
16524
16535
16620
16624
16655
16685
16699
16788
16835
17037
17056
17120
17234
17323
17433
17458
17464
17740
17800
17808
17890
17920
17953
18247
18526
18617
18675
18812
18826
18827
18883
19022
19046
19207
19234
19310
19339
19358
19380
19394
19431
19500
19516
19568
19637
19707
19775
19796
19855
19865
19871
19884
19912
19943
19995
