2913
31
52
88
120
166
253
281
294
296
297
364
381
418
459
461
478
507
519
525
535
544
553
571
606
612
630
641
654
713
748
771
855
864
894
986
990
1014
1016
1025
1027
1035
1038
1204
1223
1274
1312
1464
1473
1499
1556
1588
1676
1719
1720
1721
1733
1784
1794
1811
1905
1955
1962
1996
2018
2051
2090
2109
2111
2157
2160
2208
2235
2246
2253
2262
2263
2265
2267
2274
2320
2338
2384
2401
2404
2431
2480
2485
2525
2537
2597
2612
2621
2638
2691
2699
2706
2830
2831
2840
2864
2887
2897
2921
2935
2981
3068
3073
3091
3146
3155
3170
3193
3284
3285
3286
3294
3300
3342
3344
3378
3380
3396
3453
3455
3484
3489
3516
3561
3574
3594
3650
3690
3697
3703
3726
3729
3732
3743
3746
3753
3756
3793
3849
3867
3887
3943
3971
3994
3997
4011
4045
4149
4183
4191
4208
4233
4235
4269
4332
4334
4345
4346
4365
4368
4421
4482
4508
4546
4549
4553
4577
4590
4618
4656
4657
4714
4743
4744
4761
4764
4770
4798
4833
4847
4896
4928
4929
4936
4939
4959
5013
5023
5029
5033
5065
5093
5133
5151
5156
5232
5238
5274
5336
5435
5447
5469
5472
5539
5548
5557
5574
5606
5611
5626
5642
5663
5680
5714
5717
5729
5735
5737
5762
5788
5825
5852
5866
5879
5883
5914
5923
5990
6023
6064
6069
6071
6091
6092
6098
6125
6129
6145
6160
6283
6330
6363
6453
6470
6531
6546
6555
6694
6727
6790
6805
6842
6883
6941
6966
7004
7024
7059
7082
7086
7122
7146
7151
7163
7172
7176
7179
7264
7270
7280
7281
7287
7299
7302
7327
7348
7371
7396
7421
7450
7515
7538
7539
7575
7590
7607
7636
7647
7685
7686
7694
7710
7716
7733
7751
7813
7837
7864
7899
7900
7911
7929
7947
7959
7964
8031
8045
8048
8069
8108
8145
8176
8197
8228
8237
8246
8248
8251
8268
8276
8285
8297
8389
8397
8398
8412
8422
8452
8453
8459
8465
8479
8520
8538
8560
8578
8610
8624
8673
8677
8679
8708
8803
8823
8850
8864
8878
8908
8913
8918
8930
8944
8964
8966
9017
9034
9038
9040
9043
9044
9073
9083
9120
9141
9147
9154
9159
9163
9196
9258
9259
9304
9307
9321
9327
9328
9339
9420
9426
9441
9446
9475
9493
9520
9527
9564
9570
9584
9604
9622
9652
9686
9711
9712
9731
9752
9793
9816
9831
9846
9848
9867
9886
