12017
40
53
55
77
92
103
121
160
163
169
282
289
336
390
399
467
488
515
563
565
603
712
749
757
760
776
835
841
867
875
891
970
1002
1049
1073
1076
1134
1159
1170
1196
1254
1267
1290
1361
1364
1430
1436
1548
1549
1553
1589
1591
1635
1683
1729
1750
1768
1775
1824
1903
1964
1976
1988
2025
2132
2153
2163
2275
2300
2301
2313
2406
2422
2426
2429
2440
2464
2481
2497
2500
2549
2550
2560
2576
2589
2709
2743
2771
2850
2859
2869
2888
2960
2978
2982
2991
3064
3106
3119
3148
3199
3206
3215
3265
3275
3291
3309
3407
3431
3495
3507
3635
3641
3739
3763
3791
3801
3836
3860
3889
3897
3908
3922
3946
3967
3986
4027
4064
4116
4117
4246
4285
4314
4362
4398
4413
4468
4515
4519
4628
4648
4686
4748
4780
4791
4794
4795
4800
4854
4866
4868
4963
4984
5051
5080
5087
5092
5103
5120
5128
5161
5171
5186
5197
5304
5319
5389
5406
5427
5527
5566
5584
5616
5664
5739
5759
5772
5773
5781
5794
5807
5849
5899
6027
6070
6081
6085
6099
6105
6122
6130
6221
6237
6269
6314
6347
6366
6368
6428
6451
6477
6570
6572
6616
6618
6667
6751
6780
6796
6851
6860
6935
6938
6980
6982
7028
7036
7045
7096
7107
7114
7144
7168
7184
7233
7239
7384
7391
7462
7468
7489
7547
7553
7718
7749
7790
7793
7844
7846
7902
7915
7940
7982
8050
8052
8057
8068
8073
8074
8127
8131
8177
8192
8325
8340
8366
8447
8494
8508
8533
8536
8568
8573
8582
8616
8628
8631
8644
8651
8656
8659
8676
8694
8698
8736
8740
8805
8807
8981
9003
9016
9032
9046
9088
9144
9155
9156
9162
9164
9221
9225
9267
9384
9404
9458
9479
9529
9543
9589
9707
9708
9757
9758
9764
9776
9795
9818
9819
9871
9968
10027
10073
10086
10090
10141
10145
10348
10384
10518
10646
10661
10715
10734
10777
10844
10900
10918
10945
10947
10964
10997
10999
11037
11050
11086
11091
11101
11108
11209
11228
11236
11244
11343
11344
11345
11347
11397
11419
11421
11425
11427
11549
11575
11611
11659
11663
11671
11723
11732
11746
11763
11807
11860
11880
11887
11890
11903
11971
11972
11986
12042
12063
12067
12070
12076
12121
12125
12160
12169
12202
12243
12255
12270
12282
12313
12340
12341
12468
12475
12493
12513
12606
12626
12710
12820
12833
12834
12895
12910
12915
12950
13040
13098
13104
13119
13125
13143
13229
13250
13254
13268
13275
13297
13301
13302
13385
13426
13441
13491
13510
13511
13512
13599
13630
13648
13675
13748
13767
13835
13846
13925
13954
14061
14099
14133
14135
14171
14247
14256
14287
14330
14335
14343
14367
14418
14480
14484
14485
14486
14487
14553
14626
14651
14731
14737
14739
14753
14755
14757
14832
14852
14934
14960
14964
14976
14986
15000
15009
15013
15022
15033
15070
15082
15109
15138
15185
15198
15205
15221
15233
15251
15265
15289
15329
15441
15449
15486
15498
15506
15535
15560
15582
15584
15586
15592
15593
15639
15695
15707
15729
15740
15743
15745
15865
15882
15890
15914
15944
15994
16011
16026
16062
16077
16105
16147
16173
16202
16226
16265
16285
16289
16367
16404
16427
16455
16518
16521
16539
16625
16749
16802
16928
16933
16941
16989
17014
17060
17140
17162
17225
17280
17402
17426
17447
17511
17523
17541
17562
17585
17588
17601
17682
17714
17715
17738
17746
17850
17860
17861
17947
17998
18019
18021
18047
18089
18207
18237
18257
18338
18428
18443
18494
18552
18580
18653
18663
18729
18768
18772
18779
18804
18845
18849
18854
18892
18893
18894
18900
18922
18941
18948
19015
19053
19078
19189
19221
19253
19318
19320
19325
19353
19435
19450
19558
19578
19612
19620
19659
19750
19752
19763
19767
19768
19776
19815
19877
19882
19953
19989
