9913
9955
9975
10025
10046
10096
10120
10126
10187
10193
10245
10246
10262
10264
10367
10396
10420
10428
10474
10500
10508
10517
10539
10542
10559
10590
10619
10648
10688
10700
10710
10713
10714
10737
10804
10981
11017
11042
11111
11126
11148
11237
11368
11369
11379
11441
11474
11502
11587
11657
11745
11792
11852
11922
11939
11941
12006
12028
12041
12066
12082
12106
12117
12120
12150
12157
12168
12181
12190
12203
12224
12230
12257
12357
12364
12412
12427
12429
12436
12478
12525
12540
12552
12622
12649
12685
12694
12705
12744
12759
12802
12836
12889
12930
12936
12951
12968
12971
13052
13054
13094
13265
13318
13319
13380
13388
13401
13408
13412
13434
13468
13520
13529
13536
13561
13580
13594
13626
13716
13785
13973
13990
14020
14029
14088
14136
14150
14164
14170
14200
14227
14231
14265
14266
14327
14333
14411
14421
14456
14502
14508
14539
14557
14620
14623
14625
14657
14763
14793
14806
14820
14921
14949
14971
14975
14982
15044
15155
15158
15166
15174
15183
15209
15214
15230
15253
15257
15312
15348
15368
15395
15415
15470
15509
15599
15651
15673
15691
15782
15823
15833
15843
15899
15916
15933
15997
16137
16156
16310
16322
16346
16351
16355
16392
16438
16456
16476
16495
16511
16527
16579
16603
16613
16689
16736
16753
16773
16777
16780
16811
16815
16821
16825
16866
17034
17071
17091
17132
17218
17221
17232
17233
17266
17284
17310
17321
17437
17455
17525
17528
17542
17570
17573
17602
17658
17685
17747
17775
17817
17827
17846
17847
17930
17942
17944
17974
18012
18040
18056
18065
18077
18082
18143
18150
18167
18192
18215
18216
18222
18228
18259
18292
18312
18316
18318
18354
18417
18470
18487
18495
18496
18519
18547
18573
18597
18614
18616
18648
18698
18711
18782
18802
18818
18852
18858
18885
18932
18949
18952
18964
19025
19085
19110
19132
19152
19188
19206
19208
19229
19249
19315
19350
19388
19473
19503
19613
19618
19648
19660
19672
19741
19786
19791
19844
19945
