40
53
55
77
92
103
121
160
163
169
282
289
336
390
399
467
488
515
563
565
603
712
749
757
760
776
835
841
867
875
891
970
1002
1049
1073
1076
1134
1159
1170
1196
1254
1267
1290
1361
1364
1430
1436
1548
1549
1553
1589
1591
1635
1683
1729
1750
1768
1775
1824
1903
1964
1976
1988
2025
2132
2153
2163
2275
2300
2301
2313
2406
2422
2426
2429
2440
2464
2481
2497
2500
2549
2550
2560
2576
2589
2709
2743
2771
2850
2859
2869
2888
2960
2978
2982
2991
3064
3106
3119
3148
3199
3206
3215
3265
3275
3291
3309
3407
3431
3495
3507
3635
3641
3739
3763
3791
3801
3836
3860
3889
3897
3908
3922
3946
3967
3986
4027
4064
4116
4117
4246
4285
4314
4362
4398
4413
4468
4515
4519
4628
4648
4686
4748
4780
4791
4794
4795
4800
4854
4866
4868
4963
4984
5051
5080
5087
5092
5103
5120
5128
5161
5171
5186
5197
5304
5319
5389
5406
5427
5527
5566
5584
5616
5664
5739
5759
5772
5773
5781
5794
5807
5849
5899
6027
6070
6081
6085
6099
6105
6122
6130
6221
6237
6269
6314
6347
6366
6368
6428
6451
6477
6570
6572
6616
6618
6667
6751
6780
6796
6851
6860
6935
6938
6980
6982
7028
7036
7045
7096
7107
7114
7144
7168
7184
7233
7239
7384
7391
7462
7468
7489
7547
7553
7718
7749
7790
7793
7844
7846
7902
7915
7940
7982
8050
8052
8057
8068
8073
8074
8127
8131
8177
8192
8325
8340
8366
8447
8494
8508
8533
8536
8568
8573
8582
8616
8628
8631
8644
8651
8656
8659
8676
8694
8698
8736
8740
8805
8807
8981
9003
9016
9032
9046
9088
9144
9155
9156
9162
9164
9221
9225
9267
9384
9404
9458
9479
9529
9543
9589
9707
9708
9757
9758
9764
9776
9795
9818
9819
9871
