823
1
5
9
16
18
24
26
28
29
31
38
45
64
69
71
74
75
76
77
79
80
85
86
87
99
102
105
108
113
142
146
153
155
162
163
168
170
171
175
178
180
182
186
187
194
201
207
210
213
214
224
225
227
236
240
249
252
258
265
272
280
281
287
288
291
294
302
304
305
306
309
310
311
312
328
329
331
333
338
341
347
360
361
374
387
389
390
401
403
407
414
416
427
429
431
434
435
439
452
453
459
466
475
479
481
482
498
502
504
510
514
515
525
535
540
541
543
551
553
555
559
574
582
585
589
605
613
614
623
625
628
632
638
641
642
646
654
655
662
664
668
679
680
681
684
686
693
694
695
696
697
705
706
708
717
721
724
727
733
742
745
759
763
765
773
780
782
794
802
803
806
809
812
813
815
819
821
822
825
828
832
834
835
840
841
851
859
861
866
869
872
875
877
883
888
891
901
902
905
910
943
947
950
959
964
965
972
978
979
1003
1004
1008
1013
1014
1015
1018
1019
1020
1023
1032
1034
1044
1049
1050
1054
1055
1056
1061
1071
1077
1079
1081
1085
1090
1093
1094
1095
1098
1102
1104
1111
1115
1124
1142
1147
1153
1160
1163
1167
1173
1177
1180
1181
1185
1186
1194
1196
1197
1201
1202
1204
1207
1208
1213
1215
1219
1220
1222
1229
1240
1249
1253
1254
1255
1257
1273
1280
1285
1298
1306
1309
1313
1318
1322
1326
1335
1343
1349
1351
1352
1354
1359
1362
1363
1371
1374
1380
1384
1389
1401
1407
1410
1411
1417
1425
1432
1434
1439
1447
1449
1452
1453
1454
1457
1458
1460
1462
1466
1468
1474
1477
1484
1489
1493
1503
1522
1524
1531
1542
1545
1547
1553
1557
1560
1561
1564
1572
1582
1583
1591
1592
1594
1596
1597
1608
1610
1613
1616
1617
1619
1620
1626
1633
1634
1635
1638
1647
1650
1655
1657
1662
1668
1670
1671
1673
1677
1678
1679
1680
1683
1684
1686
1694
1696
1698
1705
1710
1722
1725
1726
1727
1734
1738
1742
1744
1751
1752
1772
1773
1774
1781
1797
1811
1814
1823
1827
1833
1846
1847
1849
1850
1855
1856
1862
1868
1869
1875
1876
1877
1880
1881
1882
1889
1891
1898
1900
1902
1905
1907
1910
1912
1913
1914
1915
1916
1920
1922
1924
1931
1935
1941
1943
1948
1949
1952
1955
1959
1960
1976
1982
2004
2005
2012
2015
2026
2032
2035
2036
2041
2046
2049
2050
2058
2062
2066
2072
2081
2083
2088
2090
2096
2102
2104
2109
2115
2119
2120
2128
2140
2144
2160
2162
2164
2167
2175
2177
2179
2183
2184
2191
2192
2193
2194
2213
2214
2217
2220
2226
2244
2245
2247
2255
2257
2278
2282
2285
2288
2291
2292
2298
2301
2307
2308
2318
2325
2329
2336
2354
2361
2362
2367
2376
2380
2383
2386
2387
2388
2389
2402
2403
2407
2412
2413
2421
2430
2433
2435
2437
2438
2439
2458
2468
2470
2490
2491
2496
2510
2511
2514
2519
2523
2527
2529
2541
2545
2547
2551
2553
2556
2566
2575
2579
2581
2584
2591
2592
2594
2599
2602
2605
2611
2612
2617
2620
2621
2622
2623
2624
2627
2635
2639
2641
2642
2645
2646
2656
2659
2661
2665
2666
2675
2678
2682
2686
2695
2704
2715
2731
2739
2743
2744
2747
2748
2754
2760
2761
2764
2772
2774
2781
2787
2790
2791
2794
2809
2810
2814
2818
2820
2825
2827
2834
2837
2839
2841
2848
2849
2856
2865
2866
2871
2872
2878
2881
2884
2889
2891
2892
2894
2897
2900
2904
2911
2917
2922
2939
2940
2943
2944
2955
2960
2968
2971
2973
2978
2983
2985
2988
2992
3001
3002
3016
3019
3022
3023
3030
3031
3033
3034
3040
3044
3046
3050
3058
3062
3076
3084
3086
3087
3089
3093
3105
3111
3116
3118
3131
3137
3144
3150
3151
3156
3157
3161
3165
3166
3167
3168
3176
3178
3181
3193
3202
3204
3206
3216
3217
3222
3225
3226
3237
3244
3259
3265
3266
3267
3268
3269
3275
3282
3287
3288
3291
3292
3300
3303
3305
3316
3319
3327
3331
3335
3342
3345
3349
3350
3351
3352
3356
3357
3363
3368
3369
3370
3381
3390
3406
3415
3422
3424
3428
3436
3437
3441
3442
3448
3458
3473
3474
3476
3480
3486
3487
3492
3493
3499
3500
3505
3506
3510
3517
3520
3521
3522
3524
3525
3527
3530
3531
3546
3547
3550
3557
3559
3565
3573
3576
3580
3587
3590
3595
3597
3598
3610
3611
3616
3617
3629
3631
3643
3645
3646
3648
3650
3658
3661
3669
3680
3694
3697
3706
3711
3717
3722
3723
3732
3736
3737
3738
3743
3749
3752
3758
3762
3772
3785
3788
3789
3790
3795
3799
3801
3802
3803
3805
3807
3809
3810
3811
3823
3824
3828
3832
3835
3845
3846
3848
3855
3861
3870
3884
3893
3894
3896
3898
3900
3902
3908
3910
3913
3915
3920
3924
3925
3926
3930
3932
3933
3935
3940
3945
3950
3957
3962
3964
3965
3970
3973
3977
3980
3982
3997
4007
4016
4023
4027
4037
4038
4044
4046
4049
4054
4055
4061
4076
4077
4082
4091
4097
4102
4103
4104
4109
4110
4114
4115
4117
4118
4123
4124
4126
4130
4134
4135
4139
4146
4148
4150
4154
4157
4174
4179
4184
4185
4191
4194
4200
4206
4222
4223
4224
4225
4228
4240
4244
4268
4270
4276
4283
4285
4287
4292
4295
4296
4311
4320
4323
4328
4342
4352
4353
4360
4362
4368
4369
4371
4374
4377
4384
4392
4394
4406
4412
4414
4415
4416
4418
4432
4439
4443
4446
4447
4451
4456
4461
4468
4470
4473
4475
4478
4481
4488
4493
4494
4496
4497
4505
4508
4509
4512
4515
4517
4520
4521
4527
4528
4533
4534
4538
4542
4545
4560
4565
4566
4568
4575
4576
4581
4587
4594
4596
4602
4604
4608
4623
4629
4635
4641
4643
4645
4646
4647
4648
4649
4651
4656
4657
4659
4660
4662
4667
4675
4681
4686
4687
4692
4693
4708
4709
4711
4716
4717
4718
4724
4726
4727
4731
4737
4745
4751
4752
4758
4762
4782
4784
4787
4793
4796
4798
4801
4812
4813
4814
4822
4833
4839
4842
4849
4854
4860
4870
4872
4876
4890
4894
4898
4899
4902
4903
4904
4906
4913
4916
4931
4934
4936
4942
4963
4966
4969
4970
4973
4978
4986
4987
4990
4995
4999
5000
5004
5010
5014
5016
5018
5020
5024
5034
5046
5050
5059
5064
5067
5068
5069
5073
5074
5084
5093
5098
5104
5105
5110
5115
5117
5122
5125
5126
5129
5131
5133
5137
5142
5148
5151
5165
5167
5174
5184
5189
5190
5195
5199
5205
5206
5209
5212
5217
5227
5231
5233
5236
5238
5239
5243
5246
5267
5271
5272
5274
5277
5281
5289
5290
5292
5293
5294
5296
5302
5307
5309
5311
5313
5314
5319
5320
5334
5340
5346
5351
5353
5380
5390
5391
5403
5409
5412
5413
5419
5420
5422
5427
5434
5435
5439
5442
5450
5456
5460
5464
5470
5473
5484
5486
5489
5495
5496
5497
5499
5514
5520
5525
5529
5534
5536
5537
5541
5549
5550
5553
5556
5560
5564
5565
5567
5570
5578
5582
5587
5590
5591
5601
5603
5607
5617
5627
5631
5635
5640
5643
5648
5657
5659
5668
5674
5675
5676
5686
5693
5697
5700
5702
5704
5708
5713
5716
5720
5732
5739
5744
5750
5751
5752
5756
5759
5767
5771
5774
5785
5787
5788
5799
5807
5814
5815
5825
5829
5844
5845
5846
5849
5852
5856
5859
5861
5863
5870
5872
5876
5877
5890
5893
5894
5897
5900
5910
5917
5922
5927
5928
5931
5934
5935
5936
5943
5954
5956
5961
5963
5965
5967
5978
5985
5986
5989
5992
5996
6001
6009
6010
6013
6016
6019
6022
6029
6033
6038
6040
6044
6047
6054
6058
6059
6060
6061
6062
6063
6072
6077
6079
6090
6094
6096
6100
6107
6110
6115
6116
6124
6125
6126
6127
6130
6142
6143
6148
6155
6156
6157
6160
6161
6166
6175
6182
6193
6200
6202
6206
6210
6216
6224
6225
6226
6228
6230
6231
6238
6239
6246
6258
6264
6266
6270
6273
6278
6280
6281
6286
6291
6293
6296
6298
6304
6308
6319
6322
6323
6325
6326
6328
6341
6342
6361
6362
6364
6365
6368
6369
6370
6373
6375
6382
6383
6386
6389
6423
6425
6426
6429
6433
6438
6440
6441
6442
6447
6449
6450
6451
6459
6463
6476
6479
6481
6483
6486
6491
6495
6505
6513
6525
6527
6532
6535
6537
6566
6569
6570
6571
6578
6582
6583
6586
6588
6592
6593
6597
6600
6602
6619
6620
6622
6629
6633
6636
6638
6642
6646
6653
6655
6662
6678
6679
6682
6686
6691
6698
6700
6701
6705
6711
6713
6717
6720
6721
6725
6733
6736
6740
6743
6745
6746
6747
6748
6750
6755
6758
6759
6760
6765
6769
6773
6781
6782
6786
6787
6790
6791
6792
6794
6795
6798
6800
6803
6808
6813
6819
6821
6824
6830
6856
6861
6863
6874
6875
6879
6883
6884
6893
6902
6908
6915
6925
6927
6931
6932
6933
6940
6943
6945
6947
6960
6961
6962
6968
6974
6990
6992
6993
7003
7004
7007
7011
7013
7022
7023
7025
7041
7043
7053
7054
7058
7061
7064
7068
7075
7076
7082
7084
7090
7092
7095
7122
7123
7126
7138
7139
7141
7142
7146
7148
7156
7161
7165
7166
7168
7170
7182
7184
7185
7190
7193
7196
7197
7199
7200
7214
7224
7226
7227
7232
7240
7241
7243
7248
7262
7266
7267
7268
7275
7283
7287
7293
7295
7297
7298
7309
7310
7311
7315
7324
7327
7331
7332
7335
7336
7343
7353
7364
7365
7367
7369
7372
7374
7375
7379
7381
7384
7387
7390
7396
7399
7401
7402
7409
7411
7416
7422
7424
7431
7433
7434
7435
7436
7443
7447
7455
7458
7460
7466
7496
7502
7506
7511
7515
7519
7522
7524
7527
7531
7543
7545
7546
7548
7550
7553
7560
7561
7568
7577
7582
7583
7586
7591
7596
7606
7607
7612
7615
7617
7626
7627
7634
7636
7642
7644
7645
7649
7651
7653
7664
7667
7668
7670
7671
7680
7686
7690
7692
7694
7695
7696
7698
7707
7709
7713
7714
7724
7728
7729
7741
7743
7744
7748
7750
7752
7755
7757
7765
7774
7787
7798
7805
7809
7811
7815
7816
7827
7836
7838
7842
7844
7851
7852
7861
7862
7864
7867
7872
7882
7886
7888
7894
7912
7929
7930
7933
7934
7941
7944
7947
7953
7954
7959
7967
7968
7970
7977
7984
7989
7990
7997
7998
8005
8016
8018
8022
8026
8030
8038
8039
8040
8043
8044
8049
8051
8055
8056
8057
8062
8068
8073
8086
8089
8091
8093
8098
8101
8105
8106
8109
8116
8120
8124
8144
8147
8149
8156
8157
8167
8168
8169
8171
8177
8184
8186
8191
8192
8200
8217
8223
8228
8231
8238
8245
8251
8253
8257
8260
8261
8265
8268
8269
8270
8273
8279
8284
8289
8292
8299
8312
8317
8326
8342
8346
8349
8352
8356
8359
8361
8372
8374
8383
8388
8394
8395
8396
8398
8406
8407
8421
8422
8451
8452
8459
8472
8474
8475
8482
8500
8504
8513
8518
8525
8526
8531
8543
8549
8554
8557
8558
8563
8565
8566
8571
8577
8578
8579
8582
8589
8596
8606
8615
8616
8629
8631
8636
8641
8642
8647
8667
8673
8675
8681
8686
8701
8703
8710
8714
8716
8718
8723
8725
8735
8748
8757
8758
8759
8763
8771
8773
8776
8781
8784
8786
8790
8792
8795
8800
8805
8820
8824
8825
8832
8837
8843
8845
8847
8856
8857
8861
8865
8868
8869
8870
8874
8877
8885
8887
8890
8893
8906
8930
8933
8938
8944
8958
8970
8979
8981
8982
8983
8990
8992
8997
8998
9001
9008
9014
9026
9029
9031
9033
9035
9045
9046
9058
9059
9064
9069
9081
9086
9090
9093
9096
9100
9102
9104
9106
9117
9119
9126
9131
9135
9142
9143
9144
9153
9154
9155
9177
9181
9193
9194
9198
9199
9200
9201
9202
9205
9207
9211
9213
9222
9226
9227
9240
9244
9248
9262
9269
9273
9278
9285
9290
9297
9303
9318
9322
9323
9325
9327
9342
9343
9344
9350
9352
9369
9375
9378
9390
9392
9393
9399
9404
9421
9423
9432
9441
9444
9448
9454
9456
9461
9465
9466
9472
9473
9474
9476
9477
9479
9489
9492
9498
9503
9514
9516
9518
9519
9521
9529
9530
9531
9536
9543
9547
9548
9553
9555
9557
9563
9574
9577
9580
9581
9584
9588
9599
9607
9608
9612
9613
9619
9621
9622
9626
9633
9636
9637
9639
9643
9644
9655
9661
9665
9666
9668
9669
9673
9678
9681
9687
9688
9692
9699
9700
9708
9710
9711
9713
9715
9720
9724
9726
9730
9734
9739
9749
9754
9764
9768
9776
9787
9790
9792
9795
9796
9797
9799
9813
9816
9817
9823
9824
9827
9828
9829
9831
9836
9845
9850
9853
9859
9860
9866
9867
9868
9872
9873
9875
9879
9889
9892
9896
9898
9899
9900
9902
9906
9909
9912
9913
9929
9942
9943
9944
9945
9958
9960
9962
9965
9969
9971
9974
9975
9977
9992
9994
9995
10000
10001
10009
10013
10014
10020
10030
10034
10036
10049
10051
10057
10059
10064
10081
10097
10100
10102
10105
10110
10111
10117
10119
10124
10135
10136
10139
10140
10141
10146
10147
10150
10151
10167
10169
10170
10174
10178
10183
10187
10189
10196
10202
10205
10217
10218
10221
10229
10231
10235
10252
10254
10258
10262
10267
10273
10274
10277
10280
10281
10282
10289
10293
10295
10300
10301
10302
10314
10321
10331
10341
10347
10352
10358
10362
10363
10366
10385
10387
10393
10399
10404
10411
10415
10426
10432
10434
10437
10462
10465
10467
10468
10470
10474
10476
10478
10486
10490
10496
10501
10503
10504
10510
10515
10516
10518
10520
10523
10526
10541
10549
10550
10551
10552
10559
10562
10563
10565
10572
10576
10581
10590
10593
10601
10612
10621
10645
10657
10662
10667
10668
10672
10674
10677
10678
10679
10683
10685
10689
10705
10708
10710
10711
10719
10721
10726
10729
10733
10750
10751
10752
10753
10755
10756
10762
10773
10778
10779
10784
10787
10791
10799
10807
10808
10809
10811
10814
10815
10816
10831
10845
10849
10853
10862
10865
10868
10875
10883
10884
10886
10887
10889
10893
10894
10895
10896
10899
10901
10902
10903
10911
10918
10920
10926
10927
10929
10938
10943
10944
10949
10953
10954
10957
10962
10966
10974
10980
10984
10988
10989
10992
10993
11004
11008
11009
11013
11020
11022
11024
11029
11033
11037
11044
11047
11059
11061
11062
11063
11068
11082
11087
11093
11097
11101
11107
11108
11114
11126
11127
11128
11129
11130
11134
11135
11136
11137
11139
11141
11143
11149
11156
11159
11160
11161
11176
11181
11185
11186
11187
11188
11189
11191
11206
11214
11220
11226
11230
11232
11235
11240
11243
11255
11257
11258
11259
11263
11271
11275
11282
11283
11284
11305
11320
11321
11322
11329
11337
11340
11342
11350
11351
11352
11354
11360
11367
11368
11372
11377
11381
11384
11386
11388
11389
11393
11405
11423
11424
11427
11443
11444
11461
11467
11468
11482
11484
11487
11492
11494
11512
11513
11526
11528
11531
11533
11537
11547
11555
11563
11578
11581
11582
11586
11588
11592
11598
11603
11607
11608
11611
11627
11629
11630
11632
11633
11648
11655
11657
11667
11668
11673
11683
11689
11700
11701
11705
11717
11718
11720
11721
11726
11748
11751
11752
11756
11758
11761
11764
11766
11768
11770
11771
11772
11773
11775
11782
11792
11801
11808
11819
11822
11828
11830
11840
11842
11843
11852
11855
11864
11872
11874
11875
11881
11882
11884
11888
11890
11892
11897
11906
11909
11915
11924
11926
11928
11933
11935
11947
11950
11954
11956
11958
11967
11970
11972
11975
11976
11978
11981
11991
12000
12006
12022
12032
12035
12044
12046
12047
12049
12050
12061
12064
12065
12072
12077
12078
12079
12093
12104
12105
12112
12113
12120
12123
12129
12134
12135
12145
12159
12165
12168
12185
12190
12195
12196
12200
12204
12212
12224
12228
12235
12236
12237
12251
12254
12257
12266
12277
12282
12283
12286
12302
12303
12312
12317
12318
12319
12324
12328
12334
12337
12340
12341
12346
12352
12363
12371
12376
12377
12382
12383
12384
12386
12388
12397
12398
12399
12402
12405
12409
12413
12421
12422
12424
12437
12440
12450
12468
12469
12470
12476
12478
12479
12487
12496
12497
12509
12517
12518
12521
12522
12528
12529
12535
12538
12541
12545
12565
12570
12578
12580
12581
12583
12597
12603
12604
12606
12607
12612
12616
12618
12622
12625
12627
12630
12638
12642
12650
12654
12660
12661
12662
12670
12671
12675
12677
12678
12681
12687
12691
12693
12695
12696
12699
12700
12705
12709
12722
12724
12726
12727
12730
12731
12751
12754
12757
12774
12775
12776
12782
12788
12793
12804
12805
12816
12818
12826
12829
12833
12834
12844
12846
12854
12865
12878
12882
12890
12892
12898
12903
12916
12918
12919
12920
12935
12938
12944
12952
12957
12967
12969
12992
12994
13000
13002
13004
13006
13008
13009
13016
13017
13028
13038
13039
13046
13048
13050
13052
13054
13057
13059
13066
13071
13074
13075
13081
13083
13089
13092
13100
13111
13112
13116
13117
13123
13125
13127
13130
13137
13151
13162
13172
13175
13177
13189
13191
13199
13202
13203
13207
13213
13217
13219
13222
13223
13227
13229
13230
13237
13239
13240
13242
13245
13249
13254
13255
13258
13259
13260
13263
13265
13266
13269
13270
13272
13273
13274
13275
13279
13280
13286
13287
13292
13297
13298
13300
13304
13308
13310
13313
13322
13340
13345
13351
13354
13358
13366
13375
13378
13389
13392
13399
13400
13401
13407
13412
13413
13414
13415
13417
13420
13424
13435
13439
13441
13448
13450
13456
13457
13465
13469
13472
13480
13481
13491
13512
13523
13525
13530
13535
13544
13547
13549
13552
13555
13557
13569
13576
13586
13588
13591
13592
13594
13596
13602
13610
13611
13613
13614
13621
13623
13626
13627
13630
13640
13641
13649
13660
13666
13670
13674
13675
13680
13682
13683
13684
13685
13694
13695
13699
13706
13711
13726
13730
13734
13735
13736
13744
13746
13750
13753
13763
13767
13770
13776
13777
13780
13784
13788
13789
13790
13805
13814
13820
13826
13830
13831
13836
13838
13841
13842
13848
13854
13855
13862
13863
13865
13888
13889
13892
13898
13901
13907
13908
13918
13925
13928
13937
13947
13950
13961
13967
13969
13979
13983
14000
14003
14007
14008
14009
14010
14019
14023
14028
14032
14033
14050
14052
14055
14060
14065
14068
14076
14078
14095
14097
14098
14099
14105
14106
14107
14109
14110
14114
14116
14145
14148
14151
14156
14157
14162
14166
14171
14174
14177
14183
14188
14191
14192
14198
14200
14202
14212
14214
14219
14221
14222
14224
14231
14233
14240
14251
14252
14255
14262
14268
14269
14270
14273
14281
14284
14291
14300
14302
14305
14307
14308
14311
14314
14319
14323
14325
14332
14352
14353
14354
14356
14367
14378
14379
14389
14390
14392
14400
14405
14408
14413
14417
14424
14427
14430
14431
14439
14448
14450
14468
14473
14478
14482
14492
14495
14496
14500
14522
14532
14536
14540
14544
14549
14557
14561
14562
14564
14569
14570
14577
14579
14580
14583
14586
14594
14604
14607
14612
14617
14620
14626
14629
14634
14636
14643
14644
14646
14648
14650
14652
14654
14661
14673
14678
14688
14691
14693
14694
14697
14700
14709
14716
14718
14719
14728
14730
14734
14742
14745
14749
14758
14759
14771
14772
14775
14777
14778
14785
14790
14795
14796
14797
14799
14808
14815
14819
14836
14841
14847
14854
14856
14858
14861
14872
14881
14882
14884
14885
14888
14894
14898
14900
14906
14908
14913
14914
14917
14920
14925
14926
14928
14931
14938
14942
14943
14946
14950
14953
14959
14964
14975
14980
14981
14983
14991
14998
14999
15003
15009
15011
15017
15026
15032
15033
15035
15040
15047
15052
15055
15056
15057
15061
15075
15089
15090
15094
15098
15111
15115
15117
15118
15119
15123
15126
15130
15138
15147
15157
15159
15189
15191
15194
15197
15201
15203
15215
15216
15221
15231
15233
15236
15252
15255
15257
15258
15260
15261
15268
15270
15272
15278
15280
15289
15295
15307
15313
15321
15323
15325
15326
15327
15328
15329
15331
15334
15338
15346
15348
15355
15357
15359
15368
15375
15377
15383
15384
15386
15410
15412
15420
15425
15433
15434
15444
15449
15452
15454
15473
15476
15479
15493
15500
15501
15514
15516
15524
15528
15530
15532
15533
15545
15548
15550
15554
15565
15568
15571
15578
15580
15582
15587
15589
15591
15600
15602
15604
15607
15614
15617
15623
15626
15634
15641
15646
15649
15652
15654
15661
15666
15672
15689
15690
15697
15699
15703
15705
15710
15725
15729
15736
15743
15753
15754
15769
15770
15771
15772
15773
15775
15779
15781
15785
15787
15795
15805
15813
15822
15823
15834
15838
15839
15847
15856
15860
15861
15868
15874
15875
15876
15877
15882
15887
15889
15898
15907
15912
15915
15918
15932
15933
15934
15937
15939
15942
15944
15953
15954
15958
15962
15964
15967
15985
15986
15990
15995
16016
16030
16033
16038
16040
16047
16052
16053
16055
16056
16058
16074
16080
16083
16092
16095
16098
16099
16104
16106
16113
16116
16119
16120
16121
16129
16130
16135
16138
16140
16153
16158
16159
16160
16166
16167
16173
16174
16175
16180
16186
16187
16189
16191
16194
16196
16199
16200
16203
16215
16224
16231
16235
16240
16243
16248
16249
16258
16265
16270
16271
16274
16279
16282
16303
16306
16315
16318
16319
16324
16351
16369
16388
16390
16392
16406
16408
16409
16410
16411
16412
16420
16424
16435
16449
16452
16462
16465
16469
16472
16477
16481
16484
16485
16487
16492
16493
16496
16497
16500
16505
16507
16513
16516
16518
16523
16524
16526
16527
16528
16529
16533
16542
16543
16546
16547
16551
16552
16559
16560
16564
16567
16578
16589
16590
16593
16601
16607
16610
16612
16623
16624
16626
16627
16629
16630
16631
16639
16640
16641
16648
16657
16661
16669
16676
16677
16678
16684
16686
16709
16718
16720
16721
16727
16729
16738
16744
16749
16751
16756
16764
16770
16772
16774
16777
16778
16780
16788
16789
16792
16801
16804
16822
16824
16830
16837
16841
16842
16845
16850
16870
16874
16878
16880
16883
16884
16886
16889
16898
16901
16902
16903
16907
16913
16917
16920
16925
16926
16930
16942
16944
16946
16953
16958
16959
16966
16968
16980
16981
16983
16987
16988
16997
17012
17016
17020
17037
17038
17040
17043
17046
17047
17060
17061
17074
17076
17079
17080
17081
17082
17093
17100
17102
17128
17130
17133
17139
17148
17152
17153
17156
17163
17166
17168
17170
17185
17188
17192
17199
17202
17203
17205
17212
17230
17231
17232
17235
17240
17244
17245
17247
17249
17252
17257
17260
17261
17262
17268
17270
17271
17277
17279
17280
17285
17287
17290
17296
17322
17323
17324
17325
17327
17329
17346
17350
17361
17365
17367
17378
17379
17383
17389
17401
17402
17404
17411
17416
17422
17435
17437
17438
17441
17451
17458
17463
17464
17465
17466
17467
17471
17481
17482
17484
17496
17498
17507
17512
17516
17519
17523
17537
17544
17551
17558
17577
17581
17585
17599
17613
17617
17619
17620
17623
17628
17632
17637
17640
17643
17651
17656
17662
17663
17674
17676
17688
17690
17693
17696
17701
17704
17705
17717
17725
17732
17739
17743
17748
17752
17753
17756
17762
17764
17765
17772
17774
17776
17787
17788
17795
17814
17815
17816
17819
17822
17825
17830
17832
17837
17838
17840
17845
17848
17850
17859
17873
17875
17886
17890
17895
17897
17908
17920
17923
17924
17925
17929
17930
17932
17933
17934
17937
17939
17940
17942
17947
17950
17951
17964
17965
17968
17974
17975
17976
17980
17993
18003
18008
18009
18017
18020
18021
18029
18031
18033
18035
18038
18040
18044
18046
18049
18050
18052
18058
18062
18066
18068
18082
18083
18087
18097
18103
18105
18122
18124
18125
18150
18153
18163
18164
18171
18175
18177
18184
18186
18201
18205
18207
18212
18223
18224
18226
18229
18230
18241
18259
18266
18271
18272
18279
18292
18297
18298
18305
18308
18310
18319
18322
18328
18350
18351
18355
18359
18362
18363
18364
18392
18397
18403
18406
18408
18414
18416
18417
18420
18422
18430
18431
18440
18441
18443
18452
18470
18472
18476
18488
18492
18493
18496
18501
18503
18506
18509
18511
18513
18515
18520
18522
18523
18528
18530
18535
18537
18546
18548
18554
18556
18559
18561
18562
18565
18567
18569
18589
18591
18597
18604
18623
18630
18632
18640
18648
18656
18662
18665
18671
18672
18673
18682
18684
18687
18690
18693
18698
18699
18700
18706
18707
18713
18720
18726
18729
18730
18734
18740
18744
18745
18747
18753
18761
18763
18768
18778
18786
18793
18802
18807
18808
18812
18815
18818
18822
18842
18845
18848
18853
18854
18855
18857
18860
18865
18868
18872
18873
18875
18877
18891
18893
18903
18905
18911
18912
18927
18928
18930
18931
18932
18936
18938
18939
18965
18970
18974
18987
18989
18999
19003
19005
19006
19014
19020
19021
19022
19026
19033
19042
19044
19051
19054
19065
19067
19072
19075
19080
19097
19101
19103
19111
19114
19116
19120
19122
19125
19140
19141
19145
19148
19149
19153
19154
19187
19197
19199
19220
19223
19227
19230
19251
19253
19257
19259
19260
19266
19267
19270
19275
19284
19288
19290
19296
19300
19301
19303
19322
19325
19330
19333
19348
19349
19350
19351
19355
19356
19361
19362
19363
19367
19369
19370
19373
19377
19383
19388
19389
19398
19405
19407
19411
19417
19418
19423
19432
19441
19452
19458
19460
19474
19477
19480
19482
19483
19492
19499
19502
19512
19514
19518
19519
19529
19535
19538
19540
19542
19549
19565
19571
19576
19577
19578
19589
19603
19604
19606
19608
19616
19624
19626
19628
19629
19630
19637
19638
19639
19649
19664
19665
19671
19676
19678
19681
19688
19692
19693
19694
19696
19713
19716
19728
19730
19732
19735
19741
19747
19756
19760
19765
19767
19769
19776
19777
19779
19788
19789
19792
19793
19798
19800
19802
19804
19805
19809
19811
19812
19815
19824
19833
19835
19838
19840
19856
19857
19862
19863
19865
19872
19882
19888
19889
19893
19896
19901
19909
19913
19920
19922
19924
19927
19930
19936
19937
19945
19946
19953
19957
19962
19971
19978
19979
19980
19986
19988
19989
19990
19997
