10289
10293
10295
10300
10301
10302
10314
10321
10331
10341
10347
10352
10358
10362
10363
10366
10385
10387
10393
10399
10404
10411
10415
10426
10432
10434
10437
10462
10465
10467
10468
10470
10474
10476
10478
10486
10490
10496
10501
10503
10504
10510
10515
10516
10518
10520
10523
10526
10541
10549
10550
10551
10552
10559
10562
10563
10565
10572
10576
10581
10590
10593
10601
10612
10621
10645
10657
10662
10667
10668
10672
10674
10677
10678
10679
10683
10685
10689
10705
10708
10710
10711
10719
10721
10726
10729
10733
10750
10751
10752
10753
10755
10756
10762
10773
10778
10779
10784
10787
10791
10799
10807
10808
10809
10811
10814
10815
10816
10831
10845
10849
10853
10862
10865
10868
10875
10883
10884
10886
10887
10889
10893
10894
10895
10896
10899
10901
10902
10903
10911
10918
10920
10926
10927
10929
10938
10943
10944
10949
10953
10954
10957
10962
10966
10974
10980
10984
10988
10989
10992
10993
11004
11008
11009
11013
11020
11022
11024
11029
11033
11037
11044
11047
11059
11061
11062
11063
11068
11082
11087
11093
11097
11101
11107
11108
11114
11126
11127
11128
11129
11130
11134
11135
11136
11137
11139
11141
11143
11149
11156
11159
11160
11161
11176
11181
11185
11186
11187
11188
11189
11191
11206
11214
11220
11226
11230
11232
11235
11240
11243
11255
11257
11258
11259
11263
11271
11275
11282
11283
11284
11305
11320
11321
11322
11329
11337
11340
11342
11350
11351
11352
11354
11360
11367
11368
11372
11377
11381
11384
11386
11388
11389
11393
11405
11423
11424
11427
11443
11444
11461
11467
11468
11482
11484
11487
11492
11494
11512
11513
11526
11528
11531
11533
11537
11547
11555
11563
11578
11581
11582
11586
11588
11592
11598
11603
11607
11608
11611
11627
11629
11630
11632
11633
11648
11655
11657
11667
11668
11673
11683
11689
11700
11701
11705
11717
11718
11720
11721
11726
11748
11751
11752
11756
11758
11761
11764
11766
11768
11770
11771
11772
11773
11775
11782
11792
11801
11808
11819
11822
11828
11830
11840
11842
11843
11852
11855
11864
11872
11874
11875
11881
11882
11884
11888
11890
11892
11897
11906
11909
11915
11924
11926
11928
11933
11935
11947
11950
11954
11956
11958
11967
11970
11972
11975
11976
11978
11981
11991
12000
12006
12022
12032
12035
12044
12046
12047
12049
12050
12061
12064
12065
12072
12077
12078
12079
12093
12104
12105
12112
12113
12120
12123
12129
12134
12135
12145
12159
12165
12168
12185
12190
12195
12196
12200
12204
12212
12224
12228
12235
12236
12237
12251
12254
12257
12266
12277
12282
12283
12286
12302
12303
12312
12317
12318
12319
12324
12328
12334
12337
12340
12341
12346
12352
12363
12371
12376
12377
12382
12383
12384
12386
12388
12397
12398
12399
12402
12405
12409
12413
12421
12422
12424
12437
12440
12450
12468
12469
12470
12476
12478
12479
12487
12496
12497
12509
12517
12518
12521
12522
12528
12529
12535
12538
12541
12545
12565
12570
12578
12580
12581
12583
12597
12603
12604
12606
12607
12612
12616
12618
12622
12625
12627
12630
12638
12642
12650
12654
12660
12661
12662
12670
12671
12675
12677
12678
12681
12687
12691
12693
12695
12696
12699
12700
12705
12709
12722
12724
12726
12727
12730
12731
12751
12754
12757
12774
12775
12776
12782
12788
12793
12804
12805
12816
12818
12826
12829
12833
12834
12844
12846
12854
12865
12878
12882
12890
12892
12898
12903
12916
12918
12919
12920
12935
12938
12944
12952
12957
12967
12969
12992
12994
13000
13002
13004
13006
13008
13009
13016
13017
13028
13038
13039
13046
13048
13050
13052
13054
13057
13059
13066
13071
13074
13075
13081
13083
13089
13092
13100
13111
13112
13116
13117
13123
13125
13127
13130
13137
13151
13162
13172
13175
13177
13189
13191
13199
13202
13203
13207
13213
13217
13219
13222
13223
13227
13229
13230
13237
13239
13240
13242
13245
13249
13254
13255
13258
13259
13260
13263
13265
13266
13269
13270
13272
13273
13274
13275
13279
13280
13286
13287
13292
13297
13298
13300
13304
13308
13310
13313
13322
13340
13345
13351
13354
13358
13366
13375
13378
13389
13392
13399
13400
13401
13407
13412
13413
13414
13415
13417
13420
13424
13435
13439
13441
13448
13450
13456
13457
13465
13469
13472
13480
13481
13491
13512
13523
13525
13530
13535
13544
13547
13549
13552
13555
13557
13569
13576
13586
13588
13591
13592
13594
13596
13602
13610
13611
13613
13614
13621
13623
13626
13627
13630
13640
13641
13649
13660
13666
13670
13674
13675
13680
13682
13683
13684
13685
13694
13695
13699
13706
13711
13726
13730
13734
13735
13736
13744
13746
13750
13753
13763
13767
13770
13776
13777
13780
13784
13788
13789
13790
13805
13814
13820
13826
13830
13831
13836
13838
13841
13842
13848
13854
13855
13862
13863
13865
13888
13889
13892
13898
13901
13907
13908
13918
13925
13928
13937
13947
13950
13961
13967
13969
13979
13983
14000
14003
14007
14008
14009
14010
14019
14023
14028
14032
14033
14050
14052
14055
14060
14065
14068
14076
14078
14095
14097
14098
14099
14105
14106
14107
14109
14110
14114
14116
14145
14148
14151
14156
14157
14162
14166
14171
14174
14177
14183
14188
14191
14192
14198
14200
14202
14212
14214
14219
14221
14222
14224
14231
14233
14240
14251
14252
14255
14262
14268
14269
14270
14273
14281
14284
14291
14300
14302
14305
14307
14308
14311
14314
14319
14323
14325
14332
14352
14353
14354
14356
14367
14378
14379
14389
14390
14392
14400
14405
14408
14413
14417
14424
14427
14430
14431
14439
14448
14450
14468
14473
14478
14482
14492
14495
14496
14500
14522
14532
14536
14540
14544
14549
14557
14561
14562
14564
14569
14570
14577
14579
14580
14583
14586
14594
14604
14607
14612
14617
14620
14626
14629
14634
14636
14643
14644
14646
14648
14650
14652
14654
14661
14673
14678
14688
14691
14693
14694
14697
14700
14709
14716
14718
14719
14728
14730
14734
14742
14745
14749
14758
14759
14771
14772
14775
14777
14778
14785
14790
14795
14796
14797
14799
14808
14815
14819
14836
14841
14847
14854
14856
14858
14861
14872
14881
14882
14884
14885
14888
14894
14898
14900
14906
14908
14913
14914
14917
14920
14925
14926
14928
14931
14938
14942
14943
14946
14950
14953
14959
14964
14975
14980
14981
14983
14991
14998
14999
15003
15009
15011
15017
15026
15032
15033
15035
15040
15047
15052
15055
15056
15057
15061
15075
15089
15090
15094
15098
15111
15115
15117
15118
15119
15123
15126
15130
15138
15147
15157
15159
15189
15191
15194
15197
15201
15203
15215
15216
15221
15231
15233
15236
15252
15255
15257
15258
15260
15261
15268
15270
15272
15278
15280
15289
15295
15307
15313
15321
15323
15325
15326
15327
15328
15329
15331
15334
15338
15346
15348
15355
15357
15359
15368
15375
15377
15383
15384
15386
15410
15412
15420
15425
15433
15434
15444
15449
15452
15454
15473
15476
15479
15493
15500
15501
15514
15516
15524
15528
15530
15532
15533
15545
15548
15550
15554
15565
15568
15571
15578
15580
15582
15587
15589
15591
15600
15602
15604
15607
15614
15617
15623
15626
15634
15641
15646
15649
15652
15654
15661
15666
15672
15689
15690
15697
15699
15703
15705
15710
15725
15729
15736
15743
15753
15754
15769
15770
15771
15772
15773
15775
15779
15781
15785
15787
15795
15805
15813
15822
15823
15834
15838
15839
15847
15856
15860
15861
15868
15874
15875
15876
15877
15882
15887
15889
15898
15907
15912
15915
15918
15932
15933
15934
15937
15939
15942
15944
15953
15954
15958
15962
15964
15967
15985
15986
15990
15995
16016
16030
16033
16038
16040
16047
16052
16053
16055
16056
16058
16074
16080
16083
16092
16095
16098
16099
16104
16106
16113
16116
16119
16120
16121
16129
16130
16135
16138
16140
16153
16158
16159
16160
16166
16167
16173
16174
16175
16180
16186
16187
16189
16191
16194
16196
16199
16200
16203
16215
16224
16231
16235
16240
16243
16248
16249
16258
16265
16270
16271
16274
16279
16282
16303
16306
16315
16318
16319
16324
16351
16369
16388
16390
16392
16406
16408
16409
16410
16411
16412
16420
16424
16435
16449
16452
16462
16465
16469
16472
16477
16481
16484
16485
16487
16492
16493
16496
16497
16500
16505
16507
16513
16516
16518
16523
16524
16526
16527
16528
16529
16533
16542
16543
16546
16547
16551
16552
16559
16560
16564
16567
16578
16589
16590
16593
16601
16607
16610
16612
16623
16624
16626
16627
16629
16630
16631
16639
16640
16641
16648
16657
16661
16669
16676
16677
16678
16684
16686
16709
16718
16720
16721
16727
16729
16738
16744
16749
16751
16756
16764
16770
16772
16774
16777
16778
16780
16788
16789
16792
16801
16804
16822
16824
16830
16837
16841
16842
16845
16850
16870
16874
16878
16880
16883
16884
16886
16889
16898
16901
16902
16903
16907
16913
16917
16920
16925
16926
16930
16942
16944
16946
16953
16958
16959
16966
16968
16980
16981
16983
16987
16988
16997
17012
17016
17020
17037
17038
17040
17043
17046
17047
17060
17061
17074
17076
17079
17080
17081
17082
17093
17100
17102
17128
17130
17133
17139
17148
17152
17153
17156
17163
17166
17168
17170
17185
17188
17192
17199
17202
17203
17205
17212
17230
17231
17232
17235
17240
17244
17245
17247
17249
17252
17257
17260
17261
17262
17268
17270
17271
17277
17279
17280
17285
17287
17290
17296
17322
17323
17324
17325
17327
17329
17346
17350
17361
17365
17367
17378
17379
17383
17389
17401
17402
17404
17411
17416
17422
17435
17437
17438
17441
17451
17458
17463
17464
17465
17466
17467
17471
17481
17482
17484
17496
17498
17507
17512
17516
17519
17523
17537
17544
17551
17558
17577
17581
17585
17599
17613
17617
17619
17620
17623
17628
17632
17637
17640
17643
17651
17656
17662
17663
17674
17676
17688
17690
17693
17696
17701
17704
17705
17717
17725
17732
17739
17743
17748
17752
17753
17756
17762
17764
17765
17772
17774
17776
17787
17788
17795
17814
17815
17816
17819
17822
17825
17830
17832
17837
17838
17840
17845
17848
17850
17859
17873
17875
17886
17890
17895
17897
17908
17920
17923
17924
17925
17929
17930
17932
17933
17934
17937
17939
17940
17942
17947
17950
17951
17964
17965
17968
17974
17975
17976
17980
17993
18003
18008
18009
18017
18020
18021
18029
18031
18033
18035
18038
18040
18044
18046
18049
18050
18052
18058
18062
18066
18068
18082
18083
18087
18097
18103
18105
18122
18124
18125
18150
18153
18163
18164
18171
18175
18177
18184
18186
18201
18205
18207
18212
18223
18224
18226
18229
18230
18241
18259
18266
18271
18272
18279
18292
18297
18298
18305
18308
18310
18319
18322
18328
18350
18351
18355
18359
18362
18363
18364
18392
18397
18403
18406
18408
18414
18416
18417
18420
18422
18430
18431
18440
18441
18443
18452
18470
18472
18476
18488
18492
18493
18496
18501
18503
18506
18509
18511
18513
18515
18520
18522
18523
18528
18530
18535
18537
18546
18548
18554
18556
18559
18561
18562
18565
18567
18569
18589
18591
18597
18604
18623
18630
18632
18640
18648
18656
18662
18665
18671
18672
18673
18682
18684
18687
18690
18693
18698
18699
18700
18706
18707
18713
18720
18726
18729
18730
18734
18740
18744
18745
18747
18753
18761
18763
18768
18778
18786
18793
18802
18807
18808
18812
18815
18818
18822
18842
18845
18848
18853
18854
18855
18857
18860
18865
18868
18872
18873
18875
18877
18891
18893
18903
18905
18911
18912
18927
18928
18930
18931
18932
18936
18938
18939
18965
18970
18974
18987
18989
18999
19003
19005
19006
19014
19020
19021
19022
19026
19033
19042
19044
19051
19054
19065
19067
19072
19075
19080
19097
19101
19103
19111
19114
19116
19120
19122
19125
19140
19141
19145
19148
19149
19153
19154
19187
19197
19199
19220
19223
19227
19230
19251
19253
19257
19259
19260
19266
19267
19270
19275
19284
19288
19290
19296
19300
19301
19303
19322
19325
19330
19333
19348
19349
19350
19351
19355
19356
19361
19362
19363
19367
19369
19370
19373
19377
19383
19388
19389
19398
19405
19407
19411
19417
19418
19423
19432
19441
19452
19458
19460
19474
19477
19480
19482
19483
19492
19499
19502
19512
19514
19518
19519
19529
19535
19538
19540
19542
19549
19565
19571
19576
19577
19578
19589
19603
19604
19606
19608
19616
19624
19626
19628
19629
19630
19637
19638
19639
19649
19664
19665
19671
19676
19678
19681
19688
19692
19693
19694
19696
19713
19716
19728
19730
19732
19735
19741
19747
19756
19760
19765
19767
19769
19776
19777
19779
19788
19789
19792
19793
19798
19800
19802
19804
19805
19809
19811
19812
19815
19824
19833
19835
19838
19840
19856
19857
19862
19863
19865
19872
19882
19888
19889
19893
19896
19901
19909
19913
19920
19922
19924
19927
19930
19936
19937
19945
19946
19953
19957
19962
19971
19978
19979
19980
19986
19988
19989
19990
19997
