823
1
5
9
16
18
24
26
28
29
31
38
45
64
69
71
74
75
76
77
79
80
85
86
87
99
102
105
108
113
142
146
153
155
162
163
168
170
171
175
178
180
182
186
187
194
201
207
210
213
214
224
225
227
236
240
249
252
258
265
272
280
281
287
288
291
294
302
304
305
306
309
310
311
312
328
329
331
333
338
341
347
360
361
374
387
389
390
401
403
407
414
416
427
429
431
434
435
439
452
453
459
466
475
479
481
482
498
502
504
510
514
515
525
535
540
541
543
551
553
555
559
574
582
585
589
605
613
614
623
625
628
632
638
641
642
646
654
655
662
664
668
679
680
681
684
686
693
694
695
696
697
705
706
708
717
721
724
727
733
742
745
759
763
765
773
780
782
794
802
803
806
809
812
813
815
819
821
822
825
828
832
834
835
840
841
851
859
861
866
869
872
875
877
883
888
891
901
902
905
910
943
947
950
959
964
965
972
978
979
1003
1004
1008
1013
1014
1015
1018
1019
1020
1023
1032
1034
1044
1049
1050
1054
1055
1056
1061
1071
1077
1079
1081
1085
1090
1093
1094
1095
1098
1102
1104
1111
1115
1124
1142
1147
1153
1160
1163
1167
1173
1177
1180
1181
1185
1186
1194
1196
1197
1201
1202
1204
1207
1208
1213
1215
1219
1220
1222
1229
1240
1249
1253
1254
1255
1257
1273
1280
1285
1298
1306
1309
1313
1318
1322
1326
1335
1343
1349
1351
1352
1354
1359
1362
1363
1371
1374
1380
1384
1389
1401
1407
1410
1411
1417
1425
1432
1434
1439
1447
1449
1452
1453
1454
1457
1458
1460
1462
1466
1468
1474
1477
1484
1489
1493
1503
1522
1524
1531
1542
1545
1547
1553
1557
1560
1561
1564
1572
1582
1583
1591
1592
1594
1596
1597
1608
1610
1613
1616
1617
1619
1620
1626
1633
1634
1635
1638
1647
1650
1655
1657
1662
1668
1670
1671
1673
1677
1678
1679
1680
1683
1684
1686
1694
1696
1698
1705
1710
1722
1725
1726
1727
1734
1738
1742
1744
1751
1752
1772
1773
1774
1781
1797
1811
1814
1823
1827
1833
1846
1847
1849
1850
1855
1856
1862
1868
1869
1875
1876
1877
1880
1881
1882
1889
1891
1898
1900
1902
1905
1907
1910
1912
1913
1914
1915
1916
1920
1922
1924
1931
1935
1941
1943
1948
1949
1952
1955
1959
1960
1976
1982
2004
2005
2012
2015
2026
2032
2035
2036
2041
2046
2049
2050
2058
2062
2066
2072
2081
2083
2088
2090
2096
2102
2104
2109
2115
2119
2120
2128
2140
2144
2160
2162
2164
2167
2175
2177
2179
2183
2184
2191
2192
2193
2194
2213
2214
2217
2220
2226
2244
2245
2247
2255
2257
2278
2282
2285
2288
2291
2292
2298
2301
2307
2308
2318
2325
2329
2336
2354
2361
2362
2367
2376
2380
2383
2386
2387
2388
2389
2402
2403
2407
2412
2413
2421
2430
2433
2435
2437
2438
2439
2458
2468
2470
2490
2491
2496
2510
2511
2514
2519
2523
2527
2529
2541
2545
2547
2551
2553
2556
2566
2575
2579
2581
2584
2591
2592
2594
2599
2602
2605
2611
2612
2617
2620
2621
2622
2623
2624
2627
2635
2639
2641
2642
2645
2646
2656
2659
2661
2665
2666
2675
2678
2682
2686
2695
2704
2715
2731
2739
2743
2744
2747
2748
2754
2760
2761
2764
2772
2774
2781
2787
2790
2791
2794
2809
2810
2814
2818
2820
2825
2827
2834
2837
2839
2841
2848
2849
2856
2865
2866
2871
2872
2878
2881
2884
2889
2891
2892
2894
2897
2900
2904
2911
2917
2922
2939
2940
2943
2944
2955
2960
2968
2971
2973
2978
2983
2985
2988
2992
3001
3002
3016
3019
3022
3023
3030
3031
3033
3034
3040
3044
3046
3050
3058
3062
3076
3084
3086
3087
3089
3093
3105
3111
3116
3118
3131
3137
3144
3150
3151
3156
3157
3161
3165
3166
3167
3168
3176
3178
3181
3193
3202
3204
3206
3216
3217
3222
3225
3226
3237
3244
3259
3265
3266
3267
3268
3269
3275
3282
3287
3288
3291
3292
3300
3303
3305
3316
3319
3327
3331
3335
3342
3345
3349
3350
3351
3352
3356
3357
3363
3368
3369
3370
3381
3390
3406
3415
3422
3424
3428
3436
3437
3441
3442
3448
3458
3473
3474
3476
3480
3486
3487
3492
3493
3499
3500
3505
3506
3510
3517
3520
3521
3522
3524
3525
3527
3530
3531
3546
3547
3550
3557
3559
3565
3573
3576
3580
3587
3590
3595
3597
3598
3610
3611
3616
3617
3629
3631
3643
3645
3646
3648
3650
3658
3661
3669
3680
3694
3697
3706
3711
3717
3722
3723
3732
3736
3737
3738
3743
3749
3752
3758
3762
3772
3785
3788
3789
3790
3795
3799
3801
3802
3803
3805
3807
3809
3810
3811
3823
3824
3828
3832
3835
3845
3846
3848
3855
3861
3870
3884
3893
3894
3896
3898
3900
3902
3908
3910
3913
3915
3920
3924
3925
3926
3930
3932
3933
3935
3940
3945
3950
3957
3962
3964
3965
3970
3973
3977
3980
3982
3997
4007
4016
4023
4027
4037
4038
4044
4046
4049
4054
4055
4061
4076
4077
4082
4091
4097
4102
4103
4104
4109
4110
4114
4115
4117
4118
4123
4124
4126
4130
4134
4135
4139
4146
4148
4150
4154
4157
4174
4179
4184
4185
4191
4194
4200
4206
4222
4223
4224
4225
4228
4240
4244
4268
4270
4276
4283
4285
4287
4292
4295
4296
4311
4320
4323
4328
4342
4352
4353
4360
4362
4368
4369
4371
4374
4377
4384
4392
4394
4406
4412
4414
4415
4416
4418
4432
4439
4443
4446
4447
4451
4456
4461
4468
4470
4473
4475
4478
4481
4488
4493
4494
4496
4497
4505
4508
4509
4512
4515
4517
4520
4521
4527
4528
4533
4534
4538
4542
4545
4560
4565
4566
4568
4575
4576
4581
4587
4594
4596
4602
4604
4608
4623
4629
4635
4641
4643
4645
4646
4647
4648
4649
4651
4656
4657
4659
4660
4662
4667
4675
4681
4686
4687
4692
4693
4708
4709
4711
4716
4717
4718
4724
4726
4727
4731
4737
4745
4751
4752
4758
4762
4782
4784
4787
4793
4796
4798
4801
4812
4813
4814
4822
4833
4839
4842
4849
4854
4860
4870
4872
4876
4890
4894
4898
4899
4902
4903
4904
4906
4913
4916
4931
4934
4936
4942
4963
4966
4969
4970
4973
4978
4986
4987
4990
4995
4999
5000
5004
5010
5014
5016
5018
5020
5024
5034
5046
5050
5059
5064
5067
5068
5069
5073
5074
5084
5093
5098
5104
5105
5110
5115
5117
5122
5125
5126
5129
5131
5133
5137
5142
5148
5151
5165
5167
5174
5184
5189
5190
5195
5199
5205
5206
5209
5212
5217
5227
5231
5233
5236
5238
5239
5243
5246
5267
5271
5272
5274
5277
5281
5289
5290
5292
5293
5294
5296
5302
5307
5309
5311
5313
5314
5319
5320
5334
5340
5346
5351
5353
5380
5390
5391
5403
5409
5412
5413
5419
5420
5422
5427
5434
5435
5439
5442
5450
5456
5460
5464
5470
5473
5484
5486
5489
5495
5496
5497
5499
5514
5520
5525
5529
5534
5536
5537
5541
5549
5550
5553
5556
5560
5564
5565
5567
5570
5578
5582
5587
5590
5591
5601
5603
5607
5617
5627
5631
5635
5640
5643
5648
5657
5659
5668
5674
5675
5676
5686
5693
5697
5700
5702
5704
5708
5713
5716
5720
5732
5739
5744
5750
5751
5752
5756
5759
5767
5771
5774
5785
5787
5788
5799
5807
5814
5815
5825
5829
5844
5845
5846
5849
5852
5856
5859
5861
5863
5870
5872
5876
5877
5890
5893
5894
5897
5900
5910
5917
5922
5927
5928
5931
5934
5935
5936
5943
5954
5956
5961
5963
5965
5967
5978
5985
5986
5989
5992
5996
6001
6009
6010
6013
6016
6019
6022
6029
6033
6038
6040
6044
6047
6054
6058
6059
6060
6061
6062
6063
6072
6077
6079
6090
6094
6096
6100
6107
6110
6115
6116
6124
6125
6126
6127
6130
6142
6143
6148
6155
6156
6157
6160
6161
6166
6175
6182
6193
6200
6202
6206
6210
6216
6224
6225
6226
6228
6230
6231
6238
6239
6246
6258
6264
6266
6270
6273
6278
6280
6281
6286
6291
6293
6296
6298
6304
6308
6319
6322
6323
6325
6326
6328
6341
6342
6361
6362
6364
6365
6368
6369
6370
6373
6375
6382
6383
6386
6389
6423
6425
6426
6429
6433
6438
6440
6441
6442
6447
6449
6450
6451
6459
6463
6476
6479
6481
6483
6486
6491
6495
6505
6513
6525
6527
6532
6535
6537
6566
6569
6570
6571
6578
6582
6583
6586
6588
6592
6593
6597
6600
6602
6619
6620
6622
6629
6633
6636
6638
6642
6646
6653
6655
6662
6678
6679
6682
6686
6691
6698
6700
6701
6705
6711
6713
6717
6720
6721
6725
6733
6736
6740
6743
6745
6746
6747
6748
6750
6755
6758
6759
6760
6765
6769
6773
6781
6782
6786
6787
6790
6791
6792
6794
6795
6798
6800
6803
6808
6813
6819
6821
6824
6830
6856
6861
6863
6874
6875
6879
6883
6884
6893
6902
6908
6915
6925
6927
6931
6932
6933
6940
6943
6945
6947
6960
6961
6962
6968
6974
6990
6992
6993
7003
7004
7007
7011
7013
7022
7023
7025
7041
7043
7053
7054
7058
7061
7064
7068
7075
7076
7082
7084
7090
7092
7095
7122
7123
7126
7138
7139
7141
7142
7146
7148
7156
7161
7165
7166
7168
7170
7182
7184
7185
7190
7193
7196
7197
7199
7200
7214
7224
7226
7227
7232
7240
7241
7243
7248
7262
7266
7267
7268
7275
7283
7287
7293
7295
7297
7298
7309
7310
7311
7315
7324
7327
7331
7332
7335
7336
7343
7353
7364
7365
7367
7369
7372
7374
7375
7379
7381
7384
7387
7390
7396
7399
7401
7402
7409
7411
7416
7422
7424
7431
7433
7434
7435
7436
7443
7447
7455
7458
7460
7466
7496
7502
7506
7511
7515
7519
7522
7524
7527
7531
7543
7545
7546
7548
7550
7553
7560
7561
7568
7577
7582
7583
7586
7591
7596
7606
7607
7612
7615
7617
7626
7627
7634
7636
7642
7644
7645
7649
7651
7653
7664
7667
7668
7670
7671
7680
7686
7690
7692
7694
7695
7696
7698
7707
7709
7713
7714
7724
7728
7729
7741
7743
7744
7748
7750
7752
7755
7757
7765
7774
7787
7798
7805
7809
7811
7815
7816
7827
7836
7838
7842
7844
7851
7852
7861
7862
7864
7867
7872
7882
7886
7888
7894
7912
7929
7930
7933
7934
7941
7944
7947
7953
7954
7959
7967
7968
7970
7977
7984
7989
7990
7997
7998
8005
8016
8018
8022
8026
8030
8038
8039
8040
8043
8044
8049
8051
8055
8056
8057
8062
8068
8073
8086
8089
8091
8093
8098
8101
8105
8106
8109
8116
8120
8124
8144
8147
8149
8156
8157
8167
8168
8169
8171
8177
8184
8186
8191
8192
8200
8217
8223
8228
8231
8238
8245
8251
8253
8257
8260
8261
8265
8268
8269
8270
8273
8279
8284
8289
8292
8299
8312
8317
8326
8342
8346
8349
8352
8356
8359
8361
8372
8374
8383
8388
8394
8395
8396
8398
8406
8407
8421
8422
8451
8452
8459
8472
8474
8475
8482
8500
8504
8513
8518
8525
8526
8531
8543
8549
8554
8557
8558
8563
8565
8566
8571
8577
8578
8579
8582
8589
8596
8606
8615
8616
8629
8631
8636
8641
8642
8647
8667
8673
8675
8681
8686
8701
8703
8710
8714
8716
8718
8723
8725
8735
8748
8757
8758
8759
8763
8771
8773
8776
8781
8784
8786
8790
8792
8795
8800
8805
8820
8824
8825
8832
8837
8843
8845
8847
8856
8857
8861
8865
8868
8869
8870
8874
8877
8885
8887
8890
8893
8906
8930
8933
8938
8944
8958
8970
8979
8981
8982
8983
8990
8992
8997
8998
9001
9008
9014
9026
9029
9031
9033
9035
9045
9046
9058
9059
9064
9069
9081
9086
9090
9093
9096
9100
9102
9104
9106
9117
9119
9126
9131
9135
9142
9143
9144
9153
9154
9155
9177
9181
9193
9194
9198
9199
9200
9201
9202
9205
9207
9211
9213
9222
9226
9227
9240
9244
9248
9262
9269
9273
9278
9285
9290
9297
9303
9318
9322
9323
9325
9327
9342
9343
9344
9350
9352
9369
9375
9378
9390
9392
9393
9399
9404
9421
9423
9432
9441
9444
9448
9454
9456
9461
9465
9466
9472
9473
9474
9476
9477
9479
9489
9492
9498
9503
9514
9516
9518
9519
9521
9529
9530
9531
9536
9543
9547
9548
9553
9555
9557
9563
9574
9577
9580
9581
9584
9588
9599
9607
9608
9612
9613
9619
9621
9622
9626
9633
9636
9637
9639
9643
9644
9655
9661
9665
9666
9668
9669
9673
9678
9681
9687
9688
9692
9699
9700
9708
9710
9711
9713
9715
9720
9724
9726
9730
9734
9739
9749
9754
9764
9768
9776
9787
9790
9792
9795
9796
9797
9799
9813
9816
9817
9823
9824
9827
9828
9829
9831
9836
9845
9850
9853
9859
9860
9866
9867
9868
9872
9873
9875
9879
9889
9892
9896
9898
9899
9900
9902
9906
9909
9912
9913
9929
9942
9943
9944
9945
9958
9960
9962
9965
9969
9971
9974
9975
9977
9992
9994
9995
10000
10001
10009
10013
10014
10020
10030
10034
10036
10049
10051
10057
10059
10064
10081
10097
10100
10102
10105
10110
10111
10117
10119
10124
10135
10136
10139
10140
10141
10146
10147
10150
10151
10167
10169
10170
10174
10178
10183
10187
10189
10196
10202
10205
10217
10218
10221
10229
10231
10235
10252
10254
10258
10262
10267
10273
10274
10277
10280
10281
10282
