10284
10285
10286
10287
10288
10290
10291
10292
10294
10296
10297
10298
10299
10303
10304
10305
10306
10308
10309
10310
10311
10312
10313
10315
10316
10317
10318
10319
10320
10322
10323
10324
10325
10326
10327
10328
10329
10330
10332
10333
10334
10335
10336
10337
10338
10339
10340
10342
10343
10344
10345
10346
10348
10349
10350
10351
10353
10354
10355
10356
10357
10359
10360
10361
10364
10365
10367
10368
10369
10370
10371
10372
10373
10374
10375
10376
10377
10378
10379
10380
10381
10382
10383
10384
10386
10388
10389
10390
10391
10392
10394
10395
10396
10397
10398
10400
10401
10402
10403
10405
10406
10407
10408
10409
10410
10412
10413
10414
10416
10417
10418
10419
10420
10421
10422
10423
10424
10425
10427
10428
10429
10430
10431
10433
10435
10436
10438
10439
10440
10441
10442
10443
10444
10445
10446
10447
10448
10449
10450
10451
10452
10453
10454
10455
10456
10457
10458
10459
10460
10461
10463
10464
10466
10469
10471
10472
10473
10475
10477
10479
10480
10481
10482
10483
10484
10485
10487
10488
10489
10491
10492
10493
10494
10495
10497
10498
10499
10500
10502
10505
10506
10507
10508
10509
10511
10512
10513
10514
10517
10519
10521
10522
10524
10525
10527
10528
10529
10530
10531
10532
10533
10534
10535
10536
10537
10538
10539
10540
10542
10543
10544
10545
10546
10547
10548
10553
10554
10555
10556
10557
10558
10560
10561
10564
10566
10567
10568
10569
10570
10571
10573
10574
10575
10577
10578
10579
10580
10582
10583
10584
10585
10586
10587
10588
10589
10591
10592
10594
10595
10596
10597
10598
10599
10600
10602
10603
10604
10605
10606
10607
10608
10609
10610
10611
10613
10614
10615
10616
10617
10618
10619
10620
10622
10623
10624
10625
10626
10627
10628
10629
10630
10631
10632
10633
10634
10635
10636
10637
10638
10639
10640
10641
10642
10643
10644
10646
10647
10648
10649
10650
10651
10652
10653
10654
10655
10656
10658
10659
10660
10661
10663
10664
10665
10666
10669
10670
10671
10673
10675
10676
10680
10681
10682
10684
10686
10687
10688
10690
10691
10692
10693
10694
10695
10696
10697
10698
10699
10700
10701
10702
10703
10704
10706
10707
10709
10712
10713
10714
10715
10716
10717
10718
10720
10722
10723
10724
10725
10727
10728
10730
10731
10732
10734
10735
10736
10737
10738
10739
10740
10741
10742
10743
10744
10745
10746
10747
10748
10749
10754
10757
10758
10759
10760
10761
10763
10764
10765
10766
10767
10768
10769
10770
10771
10772
10774
10775
10776
10777
10780
10781
10782
10783
10785
10786
10788
10789
10790
10792
10793
10794
10795
10796
10797
10798
10800
10801
10802
10803
10804
10805
10806
10810
10812
10813
10817
10818
10819
10820
10821
10822
10823
10824
10825
10826
10827
10828
10829
10830
10832
10833
10834
10835
10836
10837
10838
10839
10840
10841
10842
10843
10844
10846
10847
10848
10850
10851
10852
10854
10855
10856
10857
10858
10859
10860
10861
10863
10864
10866
10867
10869
10870
10871
10872
10873
10874
10876
10877
10878
10879
10880
10881
10882
10885
10888
10890
10891
10892
10897
10898
10900
10904
10905
10906
10907
10908
10909
10910
10912
10913
10914
10915
10916
10917
10919
10921
10922
10923
10924
10925
10928
10930
10931
10932
10933
10934
10935
10936
10937
10939
10940
10941
10942
10945
10946
10947
10948
10950
10951
10952
10955
10956
10958
10959
10960
10961
10963
10964
10965
10967
10968
10969
10970
10971
10972
10973
10975
10976
10977
10978
10979
10981
10982
10983
10985
10986
10987
10990
10991
10994
10995
10996
10997
10998
10999
11000
11001
11002
11003
11005
11006
11007
11010
11011
11012
11014
11015
11016
11017
11018
11019
11021
11023
11025
11026
11027
11028
11030
11031
11032
11034
11035
11036
11038
11039
11040
11041
11042
11043
11045
11046
11048
11049
11050
11051
11052
11053
11054
11055
11056
11057
11058
11060
11064
11065
11066
11067
11069
11070
11071
11072
11073
11074
11075
11076
11077
11078
11079
11080
11081
11083
11084
11085
11086
11088
11089
11090
11091
11092
11094
11095
11096
11098
11099
11100
11102
11103
11104
11105
11106
11109
11110
11111
11112
11113
11115
11116
11117
11118
11119
11120
11121
11122
11123
11124
11125
11131
11132
11133
11138
11140
11142
11144
11145
11146
11147
11148
11150
11151
11152
11153
11154
11155
11157
11158
11162
11163
11164
11165
11166
11167
11168
11169
11170
11171
11172
11173
11174
11175
11177
11178
11179
11180
11182
11183
11184
11190
11192
11193
11194
11195
11196
11197
11198
11199
11200
11201
11202
11203
11204
11205
11207
11208
11209
11210
11211
11212
11213
11215
11216
11217
11218
11219
11221
11222
11223
11224
11225
11227
11228
11229
11231
11233
11234
11236
11237
11238
11239
11241
11242
11244
11245
11246
11247
11248
11249
11250
11251
11252
11253
11254
11256
11260
11261
11262
11264
11265
11266
11267
11268
11269
11270
11272
11273
11274
11276
11277
11278
11279
11280
11281
11285
11286
11287
11288
11289
11290
11291
11292
11293
11294
11295
11296
11297
11298
11299
11300
11301
11302
11303
11304
11306
11307
11308
11309
11310
11311
11312
11313
11314
11315
11316
11317
11318
11319
11323
11324
11325
11326
11327
11328
11330
11331
11332
11333
11334
11335
11336
11338
11339
11341
11343
11344
11345
11346
11347
11348
11349
11353
11355
11356
11357
11358
11359
11361
11362
11363
11364
11365
11366
11369
11370
11371
11373
11374
11375
11376
11378
11379
11380
11382
11383
11385
11387
11390
11391
11392
11394
11395
11396
11397
11398
11399
11400
11401
11402
11403
11404
11406
11407
11408
11409
11410
11411
11412
11413
11414
11415
11416
11417
11418
11419
11420
11421
11422
11425
11426
11428
11429
11430
11431
11432
11433
11434
11435
11436
11437
11438
11439
11440
11441
11442
11445
11446
11447
11448
11449
11450
11451
11452
11453
11454
11455
11456
11457
11458
11459
11460
11462
11463
11464
11465
11466
11469
11470
11471
11472
11473
11474
11475
11476
11477
11478
11479
11480
11481
11483
11485
11486
11488
11489
11490
11491
11493
11495
11496
11497
11498
11499
11500
11501
11502
11503
11504
11505
11506
11507
11508
11509
11510
11511
11514
11515
11516
11517
11518
11519
11520
11521
11522
11523
11524
11525
11527
11529
11530
11532
11534
11535
11536
11538
11539
11540
11541
11542
11543
11544
11545
11546
11548
11549
11550
11551
11552
11553
11554
11556
11557
11558
11559
11560
11561
11562
11564
11565
11566
11567
11568
11569
11570
11571
11572
11573
11574
11575
11576
11577
11579
11580
11583
11584
11585
11587
11589
11590
11591
11593
11594
11595
11596
11597
11599
11600
11601
11602
11604
11605
11606
11609
11610
11612
11613
11614
11615
11616
11617
11618
11619
11620
11621
11622
11623
11624
11625
11626
11628
11631
11634
11635
11636
11637
11638
11639
11640
11641
11642
11643
11644
11645
11646
11647
11649
11650
11651
11652
11653
11654
11656
11658
11659
11660
11661
11662
11663
11664
11665
11666
11669
11670
11671
11672
11674
11675
11676
11677
11678
11679
11680
11681
11682
11684
11685
11686
11687
11688
11690
11691
11692
11693
11694
11695
11696
11697
11698
11699
11702
11703
11704
11706
11707
11708
11709
11710
11711
11712
11713
11714
11715
11716
11719
11722
11723
11724
11725
11727
11728
11729
11730
11731
11732
11733
11734
11735
11736
11737
11738
11739
11740
11741
11742
11743
11744
11745
11746
11747
11749
11750
11753
11754
11755
11757
11759
11760
11762
11763
11765
11767
11769
11774
11776
11777
11778
11779
11780
11781
11783
11784
11785
11786
11787
11788
11789
11790
11791
11793
11794
11795
11796
11797
11798
11799
11800
11802
11803
11804
11805
11806
11807
11809
11810
11811
11812
11813
11814
11815
11816
11817
11818
11820
11821
11823
11824
11825
11826
11827
11829
11831
11832
11833
11834
11835
11836
11837
11838
11839
11841
11844
11845
11846
11847
11848
11849
11850
11851
11853
11854
11856
11857
11858
11859
11860
11861
11862
11863
11865
11866
11867
11868
11869
11870
11871
11873
11876
11877
11878
11879
11880
11883
11885
11886
11887
11889
11891
11893
11894
11895
11896
11898
11899
11900
11901
11902
11903
11904
11905
11907
11908
11910
11911
11912
11913
11914
11916
11917
11918
11919
11920
11921
11922
11923
11925
11927
11929
11930
11931
11932
11934
11936
11937
11938
11939
11940
11941
11942
11943
11944
11945
11946
11948
11949
11951
11952
11953
11955
11957
11959
11960
11961
11962
11963
11964
11965
11966
11968
11969
11971
11973
11974
11977
11979
11980
11982
11983
11984
11985
11986
11987
11988
11989
11990
11992
11993
11994
11995
11996
11997
11998
11999
12001
12002
12003
12004
12005
12007
12008
12009
12010
12011
12012
12013
12014
12015
12016
12017
12018
12019
12020
12021
12023
12024
12025
12026
12027
12028
12029
12030
12031
12033
12034
12036
12037
12038
12039
12040
12041
12042
12043
12045
12048
12051
12052
12053
12054
12055
12056
12057
12058
12059
12060
12062
12063
12066
12067
12068
12069
12070
12071
12073
12074
12075
12076
12080
12081
12082
12083
12084
12085
12086
12087
12088
12089
12090
12091
12092
12094
12095
12096
12097
12098
12099
12100
12101
12102
12103
12106
12107
12108
12109
12110
12111
12114
12115
12116
12117
12118
12119
12121
12122
12124
12125
12126
12127
12128
12130
12131
12132
12133
12136
12137
12138
12139
12140
12141
12142
12143
12144
12146
12147
12148
12149
12150
12151
12152
12153
12154
12155
12156
12157
12158
12160
12161
12162
12163
12164
12166
12167
12169
12170
12171
12172
12173
12174
12175
12176
12177
12178
12179
12180
12181
12182
12183
12184
12186
12187
12188
12189
12191
12192
12193
12194
12197
12198
12199
12201
12202
12203
12205
12206
12207
12208
12209
12210
12211
12213
12214
12215
12216
12217
12218
12219
12220
12221
12222
12223
12225
12226
12227
12229
12230
12231
12232
12233
12234
12238
12239
12240
12241
12242
12243
12244
12245
12246
12247
12248
12249
12250
12252
12253
12255
12256
12258
12259
12260
12261
12262
12263
12264
12265
12267
12268
12269
12270
12271
12272
12273
12274
12275
12276
12278
12279
12280
12281
12284
12285
12287
12288
12289
12290
12291
12292
12293
12294
12295
12296
12297
12298
12299
12300
12301
12304
12305
12306
12307
12308
12309
12310
12311
12313
12314
12315
12316
12320
12321
12322
12323
12325
12326
12327
12329
12330
12331
12332
12333
12335
12336
12338
12339
12342
12343
12344
12345
12347
12348
12349
12350
12351
12353
12354
12355
12356
12357
12358
12359
12360
12361
12362
12364
12365
12366
12367
12368
12369
12370
12372
12373
12374
12375
12378
12379
12380
12381
12385
12387
12389
12390
12391
12392
12393
12394
12395
12396
12400
12401
12403
12404
12406
12407
12408
12410
12411
12412
12414
12415
12416
12417
12418
12419
12420
12423
12425
12426
12427
12428
12429
12430
12431
12432
12433
12434
12435
12436
12438
12439
12441
12442
12443
12444
12445
12446
12447
12448
12449
12451
12452
12453
12454
12455
12456
12457
12458
12459
12460
12461
12462
12463
12464
12465
12466
12467
12471
12472
12473
12474
12475
12477
12480
12481
12482
12483
12484
12485
12486
12488
12489
12490
12491
12492
12493
12494
12495
12498
12499
12500
12501
12502
12503
12504
12505
12506
12507
12508
12510
12511
12512
12513
12514
12515
12516
12519
12520
12523
12524
12525
12526
12527
12530
12531
12532
12533
12534
12536
12537
12539
12540
12542
12543
12544
12546
12547
12548
12549
12550
12551
12552
12553
12554
12555
12556
12557
12558
12559
12560
12561
12562
12563
12564
12566
12567
12568
12569
12571
12572
12573
12574
12575
12576
12577
12579
12582
12584
12585
12586
12587
12588
12589
12590
12591
12592
12593
12594
12595
12596
12598
12599
12600
12601
12602
12605
12608
12609
12610
12611
12613
12614
12615
12617
12619
12620
12621
12623
12624
12626
12628
12629
12631
12632
12633
12634
12635
12636
12637
12639
12640
12641
12643
12644
12645
12646
12647
12648
12649
12651
12652
12653
12655
12656
12657
12658
12659
12663
12664
12665
12666
12667
12668
12669
12672
12673
12674
12676
12679
12680
12682
12683
12684
12685
12686
12688
12689
12690
12692
12694
12697
12698
12701
12702
12703
12704
12706
12707
12708
12710
12711
12712
12713
12714
12715
12716
12717
12718
12719
12720
12721
12723
12725
12728
12729
12732
12733
12734
12735
12736
12737
12738
12739
12740
12741
12742
12743
12744
12745
12746
12747
12748
12749
12750
12752
12753
12755
12756
12758
12759
12760
12761
12762
12763
12764
12765
12766
12767
12768
12769
12770
12771
12772
12773
12777
12778
12779
12780
12781
12783
12784
12785
12786
12787
12789
12790
12791
12792
12794
12795
12796
12797
12798
12799
12800
12801
12802
12803
12806
12807
12808
12809
12810
12811
12812
12813
12814
12815
12817
12819
12820
12821
12822
12823
12824
12825
12827
12828
12830
12831
12832
12835
12836
12837
12838
12839
12840
12841
12842
12843
12845
12847
12848
12849
12850
12851
12852
12853
12855
12856
12857
12858
12859
12860
12861
12862
12863
12864
12866
12867
12868
12869
12870
12871
12872
12873
12874
12875
12876
12877
12879
12880
12881
12883
12884
12885
12886
12887
12888
12889
12891
12893
12894
12895
12896
12897
12899
12900
12901
12902
12904
12905
12906
12907
12908
12909
12910
12911
12912
12913
12914
12915
12917
12921
12922
12923
12924
12925
12926
12927
12928
12929
12930
12931
12932
12933
12934
12936
12937
12939
12940
12941
12942
12943
12945
12946
12947
12948
12949
12950
12951
12953
12954
12955
12956
12958
12959
12960
12961
12962
12963
12964
12965
12966
12968
12970
12971
12972
12973
12974
12975
12976
12977
12978
12979
12980
12981
12982
12983
12984
12985
12986
12987
12988
12989
12990
12991
12993
12995
12996
12997
12998
12999
13001
13003
13005
13007
13010
13011
13012
13013
13014
13015
13018
13019
13020
13021
13022
13023
13024
13025
13026
13027
13029
13031
13032
13033
13034
13035
13036
13037
13040
13041
13042
13043
13044
13045
13047
13049
13051
13053
13055
13056
13058
13060
13061
13062
13063
13064
13065
13067
13068
13069
13070
13072
13073
13076
13077
13078
13079
13080
13082
13084
13085
13086
13087
13088
13090
13091
13093
13094
13095
13096
13097
13098
13099
13101
13102
13103
13104
13105
13106
13107
13108
13109
13110
13113
13114
13115
13118
13119
13120
13121
13122
13124
13126
13128
13129
13131
13132
13133
13134
13135
13136
13138
13139
13140
13141
13142
13143
13144
13145
13146
13147
13148
13149
13150
13152
13153
13154
13155
13156
13157
13158
13159
13160
13161
13163
13164
13165
13166
13167
13168
13169
13170
13171
13173
13174
13176
13178
13179
13180
13181
13182
13183
13184
13185
13186
13187
13188
13190
13192
13193
13194
13195
13196
13197
13198
13200
13201
13204
13205
13206
13208
13209
13210
13211
13212
13214
13215
13216
13218
13220
13221
13224
13225
13226
13228
13231
13232
13233
13234
13235
13236
13238
13241
13243
13244
13246
13247
13248
13250
13251
13252
13253
13256
13257
13261
13262
13264
13267
13268
13271
13276
13277
13278
13281
13282
13283
13284
13285
13288
13289
13290
13291
13293
13294
13295
13296
13299
13301
13302
13303
13305
13306
13307
13309
13311
13312
13314
13315
13316
13317
13318
13319
13320
13321
13323
13324
13325
13326
13327
13328
13329
13330
13331
13332
13333
13334
13335
13336
13337
13338
13339
13341
13342
13343
13344
13346
13347
13348
13349
13350
13352
13353
13355
13356
13357
13359
13360
13361
13362
13363
13364
13365
13367
13368
13369
13370
13371
13372
13373
13374
13376
13377
13379
13380
13381
13382
13383
13384
13385
13386
13387
13388
13390
13391
13393
13394
13395
13396
13397
13398
13402
13403
13404
13405
13406
13408
13409
13410
13411
13416
13418
13419
13421
13422
13423
13425
13426
13427
13428
13429
13430
13431
13432
13433
13434
13436
13437
13438
13440
13442
13443
13444
13445
13446
13447
13449
13451
13452
13453
13454
13455
13458
13459
13460
13461
13462
13463
13464
13466
13467
13468
13470
13471
13473
13474
13475
13476
13477
13478
13479
13482
13483
13484
13485
13486
13487
13488
13489
13490
13492
13493
13494
13495
13496
13497
13498
13499
13500
13501
13502
13503
13504
13505
13506
13507
13508
13509
13510
13511
13513
13514
13515
13516
13517
13518
13519
13520
13521
13522
13524
13526
13527
13528
13529
13531
13532
13533
13534
13536
13537
13538
13539
13540
13541
13542
13543
13545
13546
13548
13550
13551
13553
13554
13556
13558
13559
13560
13561
13562
13563
13564
13565
13566
13567
13568
13570
13571
13572
13573
13574
13575
13577
13578
13579
13580
13581
13582
13583
13584
13585
13587
13589
13590
13593
13595
13597
13598
13599
13600
13601
13603
13604
13605
13606
13607
13608
13609
13612
13615
13616
13617
13618
13619
13620
13622
13624
13625
13628
13629
13631
13632
13633
13634
13635
13636
13637
13638
13639
13642
13643
13644
13645
13646
13647
13648
13650
13651
13652
13653
13654
13655
13656
13657
13658
13659
13661
13662
13663
13664
13665
13667
13668
13669
13671
13672
13673
13676
13677
13678
13679
13681
13686
13687
13688
13689
13690
13691
13692
13693
13696
13697
13698
13700
13701
13702
13703
13704
13705
13707
13708
13709
13710
13712
13713
13714
13715
13716
13717
13718
13719
13720
13721
13722
13723
13724
13725
13727
13728
13729
13731
13732
13733
13737
13738
13739
13740
13741
13742
13743
13745
13747
13748
13749
13751
13752
13754
13755
13756
13757
13758
13759
13760
13761
13762
13764
13765
13766
13768
13769
13771
13772
13773
13774
13775
13778
13779
13781
13782
13783
13785
13786
13787
13791
13792
13793
13794
13795
13796
13797
13798
13799
13800
13801
13802
13803
13804
13806
13807
13808
13809
13810
13811
13812
13813
13815
13816
13817
13818
13819
13821
13822
13823
13824
13825
13827
13828
13829
13832
13833
13834
13835
13837
13839
13840
13843
13844
13845
13846
13847
13849
13850
13851
13852
13853
13856
13857
13858
13859
13860
13861
13864
13866
13867
13868
13869
13870
13871
13872
13873
13874
13875
13876
13877
13878
13879
13880
13881
13882
13883
13884
13885
13886
13887
13890
13891
13893
13894
13895
13896
13897
13899
13900
13902
13903
13904
13905
13906
13909
13910
13911
13912
13913
13914
13915
13916
13917
13919
13920
13921
13922
13923
13924
13926
13927
13929
13930
13931
13932
13933
13934
13935
13936
13938
13939
13940
13941
13942
13943
13944
13945
13946
13948
13949
13951
13952
13953
13954
13955
13956
13957
13958
13959
13960
13962
13963
13964
13965
13966
13968
13970
13971
13972
13973
13974
13975
13976
13977
13978
13980
13981
13982
13984
13985
13986
13987
13988
13989
13990
13991
13992
13993
13994
13995
13996
13997
13998
13999
14001
14002
14004
14005
14006
14011
14012
14013
14014
14015
14016
14017
14018
14020
14021
14022
14024
14025
14026
14027
14029
14030
14031
14034
14035
14036
14037
14038
14039
14040
14041
14042
14043
14044
14045
14046
14047
14048
14049
14051
14053
14054
14056
14057
14058
14059
14061
14062
14063
14064
14066
14067
14069
14070
14071
14072
14073
14074
14075
14077
14079
14080
14081
14082
14083
14084
14085
14086
14087
14088
14089
14090
14091
14092
14093
14094
14096
14100
14101
14102
14103
14104
14108
14111
14112
14113
14115
14117
14118
14119
14120
14121
14122
14123
14124
14125
14126
14127
14128
14129
14130
14131
14132
14133
14134
14135
14136
14137
14138
14139
14140
14141
14142
14143
14144
14146
14147
14149
14150
14152
14153
14154
14155
14158
14159
14160
14161
14163
14164
14165
14167
14168
14169
14170
14172
14173
14175
14176
14178
14179
14180
14181
14182
14184
14185
14186
14187
14189
14190
14193
14194
14195
14196
14197
14199
14201
14203
14204
14205
14206
14207
14208
14209
14210
14211
14213
14215
14216
14217
14218
14220
14223
14225
14226
14227
14228
14229
14230
14232
14234
14235
14236
14237
14238
14239
14241
14242
14243
14244
14245
14246
14247
14248
14249
14250
14253
14254
14256
14257
14258
14259
14260
14261
14263
14264
14265
14266
14267
14271
14272
14274
14275
14276
14277
14278
14279
14280
14282
14283
14285
14286
14287
14288
14289
14290
14292
14293
14294
14295
14296
14297
14298
14299
14301
14303
14304
14306
14309
14310
14312
14313
14315
14316
14317
14318
14320
14321
14322
14324
14326
14327
14328
14329
14330
14331
14333
14334
14335
14336
14337
14338
14339
14340
14341
14342
14343
14344
14345
14346
14347
14348
14349
14350
14351
14355
14357
14358
14359
14360
14361
14362
14363
14364
14365
14366
14368
14369
14370
14371
14372
14373
14374
14375
14376
14377
14380
14381
14382
14383
14384
14385
14386
14387
14388
14391
14393
14394
14395
14396
14397
14398
14399
14401
14402
14403
14404
14406
14407
14409
14410
14411
14412
14414
14415
14416
14418
14419
14420
14421
14422
14423
14425
14426
14428
14429
14432
14433
14434
14435
14436
14437
14438
14440
14441
14442
14443
14444
14445
14446
14447
14449
14451
14452
14453
14454
14455
14456
14457
14458
14459
14460
14461
14462
14463
14464
14465
14466
14467
14469
14470
14471
14472
14474
14475
14476
14477
14479
14480
14481
14483
14484
14485
14486
14487
14488
14489
14490
14491
14493
14494
14497
14498
14499
14501
14502
14503
14504
14505
14506
14507
14508
14509
14510
14511
14512
14513
14514
14515
14516
14517
14518
14519
14520
14521
14523
14524
14525
14526
14527
14528
14529
14530
14531
14533
14534
14535
14537
14538
14539
14541
14542
14543
14545
14546
14547
14548
14550
14551
14552
14553
14554
14555
14556
14558
14559
14560
14563
14565
14566
14567
14568
14571
14572
14573
14574
14575
14576
14578
14581
14582
14584
14585
14587
14588
14589
14590
14591
14592
14593
14595
14596
14597
14598
14599
14600
14601
14602
14603
14605
14606
14608
14609
14610
14611
14613
14614
14615
14616
14618
14619
14621
14622
14623
14624
14625
14627
14628
14630
14631
14632
14633
14635
14637
14638
14639
14640
14641
14642
14645
14647
14649
14651
14653
14655
14656
14657
14658
14659
14660
14662
14663
14664
14665
14666
14667
14668
14669
14670
14671
14672
14674
14675
14676
14677
14679
14680
14681
14682
14683
14684
14685
14686
14687
14689
14690
14692
14695
14696
14698
14699
14701
14702
14703
14704
14705
14706
14707
14708
14710
14711
14712
14713
14714
14715
14717
14720
14721
14722
14723
14724
14725
14726
14727
14729
14731
14732
14733
14735
14736
14737
14738
14739
14740
14741
14743
14744
14746
14747
14748
14750
14751
14752
14753
14754
14755
14756
14757
14760
14761
14762
14763
14764
14765
14766
14767
14768
14769
14770
14773
14774
14776
14779
14780
14781
14782
14783
14784
14786
14787
14788
14789
14791
14792
14793
14794
14798
14800
14801
14802
14803
14804
14805
14806
14807
14809
14810
14811
14812
14813
14814
14816
14817
14818
14820
14821
14822
14823
14824
14825
14826
14827
14828
14829
14830
14831
14832
14833
14834
14835
14837
14838
14839
14840
14842
14843
14844
14845
14846
14848
14849
14850
14851
14852
14853
14855
14857
14859
14860
14862
14863
14864
14865
14866
14867
14868
14869
14870
14871
14873
14874
14875
14876
14877
14878
14879
14880
14883
14886
14887
14889
14890
14891
14892
14893
14895
14896
14897
14899
14901
14902
14903
14904
14905
14907
14909
14910
14911
14912
14915
14916
14918
14919
14921
14922
14923
14924
14927
14929
14930
14932
14933
14934
14935
14936
14937
14939
14940
14941
14944
14945
14947
14948
14949
14951
14952
14954
14955
14956
14957
14958
14960
14961
14962
14963
14965
14966
14967
14968
14969
14970
14971
14972
14973
14974
14976
14977
14978
14979
14982
14984
14985
14986
14987
14988
14989
14990
14992
14993
14994
14995
14996
14997
15000
15001
15002
15004
15005
15006
15007
15008
15010
15012
15013
15014
15015
15016
15018
15019
15020
15021
15022
15023
15024
15025
15027
15028
15029
15030
15031
15034
15036
15037
15038
15039
15041
15042
15043
15044
15045
15046
15048
15049
15050
15051
15053
15054
15058
15059
15060
15062
15063
15064
15065
15066
15067
15068
15069
15070
15071
15072
15073
15074
15076
15077
15078
15079
15080
15081
15082
15083
15084
15085
15086
15087
15088
15091
15092
15093
15095
15096
15097
15099
15100
15101
15102
15103
15104
15105
15106
15107
15108
15109
15110
15112
15113
15114
15116
15120
15121
15122
15124
15125
15127
15128
15129
15131
15132
15133
15134
15135
15136
15137
15139
15140
15141
15142
15143
15144
15145
15146
15148
15149
15150
15151
15152
15153
15154
15155
15156
15158
15160
15161
15162
15163
15164
15165
15166
15167
15168
15169
15170
15171
15172
15173
15174
15175
15176
15177
15178
15179
15180
15181
15182
15183
15184
15185
15186
15187
15188
15190
15192
15193
15195
15196
15198
15199
15200
15202
15204
15205
15206
15207
15208
15209
15210
15211
15212
15213
15214
15217
15218
15219
15220
15222
15223
15224
15225
15226
15227
15228
15229
15230
15232
15234
15235
15237
15238
15239
15240
15241
15242
15243
15244
15245
15246
15247
15248
15249
15250
15251
15253
15254
15256
15259
15262
15263
15264
15265
15266
15267
15269
15271
15273
15274
15275
15276
15277
15279
15281
15282
15283
15284
15285
15286
15287
15288
15290
15291
15292
15293
15294
15296
15297
15298
15299
15300
15301
15302
15303
15304
15305
15306
15308
15309
15310
15311
15312
15314
15315
15316
15317
15318
15319
15320
15322
15324
15330
15332
15333
15335
15336
15337
15339
15340
15341
15342
15343
15344
15345
15347
15349
15350
15351
15352
15353
15354
15356
15358
15360
15361
15362
15363
15364
15365
15366
15367
15369
15370
15371
15372
15373
15374
15376
15378
15379
15380
15381
15382
15385
15387
15388
15389
15390
15391
15392
15393
15394
15395
15396
15397
15398
15399
15400
15401
15402
15403
15404
15405
15406
15407
15408
15409
15411
15413
15414
15415
15416
15417
15418
15419
15421
15422
15423
15424
15426
15427
15428
15429
15430
15431
15432
15435
15436
15437
15438
15439
15440
15441
15442
15443
15445
15446
15447
15448
15450
15451
15453
15455
15456
15457
15458
15459
15460
15461
15462
15463
15464
15465
15466
15467
15468
15469
15470
15471
15472
15474
15475
15477
15478
15480
15481
15482
15483
15484
15485
15486
15487
15488
15489
15490
15491
15492
15494
15495
15496
15497
15498
15499
15502
15503
15504
15505
15506
15507
15508
15509
15510
15511
15512
15513
15515
15517
15518
15519
15520
15521
15522
15523
15525
15526
15527
15529
15531
15534
15535
15536
15537
15538
15539
15540
15541
15542
15543
15544
15546
15547
15549
15551
15552
15553
15555
15556
15557
15558
15559
15560
15561
15562
15563
15564
15566
15567
15569
15570
15572
15573
15574
15575
15576
15577
15579
15581
15583
15584
15585
15586
15588
15590
15592
15593
15594
15595
15596
15597
15598
15599
15601
15603
15605
15606
15608
15609
15610
15611
15612
15613
15615
15616
15618
15619
15620
15621
15622
15624
15625
15627
15628
15629
15630
15631
15632
15633
15635
15636
15637
15638
15639
15640
15642
15643
15644
15645
15647
15648
15650
15651
15653
15655
15656
15657
15658
15659
15660
15662
15663
15664
15665
15667
15668
15669
15670
15671
15673
15674
15675
15676
15677
15678
15679
15680
15681
15682
15683
15684
15685
15686
15687
15688
15691
15692
15693
15694
15695
15696
15698
15700
15701
15702
15704
15706
15707
15708
15709
15711
15712
15713
15714
15715
15716
15717
15718
15719
15720
15721
15722
15723
15724
15726
15727
15728
15730
15731
15732
15733
15734
15735
15737
15738
15739
15740
15741
15742
15744
15745
15746
15747
15748
15749
15750
15751
15752
15755
15756
15757
15758
15759
15760
15761
15762
15763
15764
15765
15766
15767
15768
15774
15776
15777
15778
15780
15782
15783
15784
15786
15788
15789
15790
15791
15792
15793
15794
15796
15797
15798
15799
15800
15801
15802
15803
15804
15806
15807
15808
15809
15810
15811
15812
15814
15815
15816
15817
15818
15819
15820
15821
15824
15825
15826
15827
15828
15829
15830
15831
15832
15833
15835
15836
15837
15840
15841
15842
15843
15844
15845
15846
15848
15849
15850
15851
15852
15853
15854
15855
15857
15858
15859
15862
15863
15864
15865
15866
15867
15869
15870
15871
15872
15873
15878
15879
15880
15881
15883
15884
15885
15886
15888
15890
15891
15892
15893
15894
15895
15896
15897
15899
15900
15901
15902
15903
15904
15905
15906
15908
15909
15910
15911
15913
15914
15916
15917
15919
15920
15921
15922
15923
15924
15925
15926
15927
15928
15929
15930
15931
15935
15936
15938
15940
15941
15943
15945
15946
15947
15948
15949
15950
15951
15952
15955
15956
15957
15959
15960
15961
15963
15965
15966
15968
15969
15970
15971
15972
15973
15974
15975
15976
15977
15978
15979
15980
15981
15982
15983
15984
15987
15988
15989
15991
15992
15993
15994
15996
15997
15998
15999
16000
16001
16002
16003
16004
16005
16006
16007
16008
16009
16010
16011
16012
16013
16014
16015
16017
16018
16019
16020
16021
16022
16023
16024
16025
16026
16027
16028
16029
16031
16032
16034
16035
16036
16037
16039
16041
16042
16043
16044
16045
16046
16048
16049
16050
16051
16054
16057
16059
16060
16061
16062
16063
16064
16065
16066
16067
16068
16069
16070
16071
16072
16073
16075
16076
16077
16078
16079
16081
16082
16084
16085
16086
16087
16088
16089
16090
16091
16093
16094
16096
16097
16100
16101
16102
16103
16105
16107
16108
16109
16110
16111
16112
16114
16115
16117
16118
16122
16123
16124
16125
16126
16127
16128
16131
16132
16133
16134
16136
16137
16139
16141
16142
16143
16144
16146
16147
16148
16149
16150
16151
16152
16154
16155
16156
16157
16161
16162
16163
16164
16165
16168
16169
16170
16171
16172
16176
16177
16178
16179
16181
16182
16183
16184
16185
16188
16190
16192
16193
16195
16197
16198
16201
16202
16204
16205
16206
16207
16208
16209
16210
16211
16212
16213
16214
16216
16217
16218
16219
16220
16221
16222
16223
16225
16226
16227
16228
16229
16230
16232
16233
16234
16236
16237
16238
16239
16241
16242
16244
16245
16246
16247
16250
16251
16252
16253
16254
16255
16256
16257
16259
16260
16261
16262
16263
16264
16266
16267
16268
16269
16272
16273
16275
16276
16277
16278
16280
16281
16283
16284
16285
16286
16287
16288
16289
16290
16291
16292
16293
16294
16295
16296
16297
16298
16299
16300
16301
16302
16304
16305
16307
16308
16309
16310
16311
16312
16313
16314
16316
16317
16320
16321
16322
16323
16325
16326
16327
16328
16329
16330
16331
16332
16333
16334
16335
16336
16337
16338
16339
16340
16341
16342
16343
16344
16345
16346
16347
16348
16349
16350
16352
16353
16354
16355
16356
16357
16358
16359
16360
16361
16362
16363
16364
16365
16366
16367
16368
16370
16371
16372
16373
16374
16375
16376
16377
16378
16379
16380
16381
16382
16383
16384
16385
16386
16387
16389
16391
16393
16394
16395
16396
16397
16398
16399
16400
16401
16402
16403
16404
16405
16407
16413
16414
16415
16416
16417
16418
16419
16421
16422
16423
16425
16426
16427
16428
16429
16430
16431
16432
16433
16434
16436
16437
16438
16439
16440
16441
16442
16443
16444
16445
16446
16447
16448
16450
16451
16453
16454
16455
16456
16457
16458
16459
16460
16461
16463
16464
16466
16467
16468
16470
16471
16473
16474
16475
16476
16478
16479
16480
16482
16483
16486
16488
16489
16490
16491
16494
16495
16498
16499
16501
16502
16503
16504
16506
16508
16509
16510
16511
16512
16514
16515
16517
16519
16520
16521
16525
16530
16531
16532
16534
16535
16536
16537
16538
16539
16540
16541
16544
16545
16548
16549
16550
16553
16554
16555
16556
16557
16558
16561
16562
16563
16565
16566
16568
16569
16570
16571
16572
16573
16574
16575
16576
16577
16579
16580
16581
16582
16583
16584
16585
16586
16587
16588
16591
16592
16594
16595
16596
16597
16598
16599
16600
16602
16603
16604
16605
16606
16608
16609
16611
16613
16614
16615
16616
16617
16618
16619
16620
16621
16622
16625
16628
16632
16633
16634
16635
16636
16637
16638
16642
16643
16644
16645
16646
16647
16649
16650
16651
16652
16653
16654
16655
16656
16658
16659
16660
16662
16663
16664
16665
16666
16667
16668
16670
16671
16672
16673
16674
16675
16679
16680
16681
16682
16683
16685
16687
16688
16689
16690
16691
16692
16693
16694
16695
16696
16697
16698
16699
16700
16701
16702
16703
16704
16705
16706
16707
16708
16710
16711
16712
16713
16714
16715
16716
16717
16719
16722
16723
16724
16725
16726
16728
16730
16731
16732
16733
16734
16735
16736
16737
16739
16740
16741
16742
16743
16745
16746
16747
16748
16750
16752
16753
16754
16755
16757
16758
16759
16760
16761
16762
16763
16765
16766
16767
16768
16769
16771
16773
16775
16776
16779
16781
16782
16783
16784
16785
16786
16787
16790
16791
16793
16794
16795
16796
16797
16798
16799
16800
16802
16803
16805
16806
16807
16808
16809
16810
16811
16812
16813
16814
16815
16816
16817
16818
16819
16820
16821
16823
16825
16826
16827
16828
16829
16831
16832
16833
16834
16835
16836
16838
16839
16840
16843
16844
16846
16847
16848
16849
16851
16852
16853
16854
16855
16856
16857
16858
16859
16860
16861
16862
16863
16864
16865
16866
16867
16868
16869
16871
16872
16873
16875
16876
16877
16879
16881
16882
16885
16887
16888
16890
16891
16892
16893
16894
16895
16896
16897
16899
16900
16904
16905
16906
16908
16909
16910
16911
16912
16914
16915
16916
16918
16919
16921
16922
16923
16924
16927
16928
16929
16931
16932
16933
16934
16935
16936
16937
16938
16939
16940
16941
16943
16945
16947
16948
16949
16950
16951
16952
16954
16955
16956
16957
16960
16961
16962
16963
16964
16965
16967
16969
16970
16971
16972
16973
16974
16975
16976
16977
16978
16979
16982
16984
16985
16986
16989
16990
16991
16992
16993
16994
16995
16996
16998
16999
17000
17001
17002
17003
17004
17005
17006
17007
17008
17009
17010
17011
17013
17014
17015
17017
17018
17019
17021
17022
17023
17024
17025
17026
17027
17028
17029
17030
17031
17032
17033
17034
17035
17036
17039
17041
17042
17044
17045
17048
17049
17050
17051
17052
17053
17054
17055
17056
17057
17058
17059
17062
17063
17064
17065
17066
17067
17068
17069
17070
17071
17072
17073
17075
17077
17078
17083
17084
17085
17086
17087
17088
17089
17090
17091
17092
17094
17095
17096
17097
17098
17099
17101
17103
17104
17105
17106
17107
17108
17109
17110
17111
17112
17113
17114
17115
17116
17117
17118
17119
17120
17121
17122
17123
17124
17125
17126
17127
17129
17131
17132
17134
17135
17136
17137
17138
17140
17141
17142
17143
17144
17145
17146
17147
17149
17150
17151
17154
17155
17157
17158
17159
17160
17161
17162
17164
17165
17167
17169
17171
17172
17173
17174
17175
17176
17177
17178
17179
17180
17181
17182
17183
17184
17186
17187
17189
17190
17191
17193
17194
17195
17196
17197
17198
17200
17201
17204
17206
17207
17208
17209
17210
17211
17213
17214
17215
17216
17217
17218
17219
17220
17221
17222
17223
17224
17225
17226
17227
17228
17229
17233
17234
17236
17237
17238
17239
17241
17242
17243
17246
17248
17250
17251
17253
17254
17255
17256
17258
17259
17263
17264
17265
17266
17267
17269
17272
17273
17274
17275
17276
17278
17281
17282
17283
17284
17286
17288
17289
17291
17292
17293
17294
17295
17297
17298
17299
17300
17301
17302
17303
17304
17305
17306
17307
17308
17309
17310
17311
17312
17313
17314
17315
17316
17317
17318
17319
17320
17321
17326
17328
17330
17331
17332
17333
17334
17335
17336
17337
17338
17339
17340
17341
17342
17343
17344
17345
17347
17348
17349
17351
17352
17353
17354
17355
17356
17357
17358
17359
17360
17362
17363
17364
17366
17368
17369
17370
17371
17372
17373
17374
17375
17376
17377
17380
17381
17382
17384
17385
17386
17387
17388
17390
17391
17392
17393
17394
17395
17396
17397
17398
17399
17400
17403
17405
17406
17407
17408
17409
17410
17412
17413
17414
17415
17417
17418
17419
17420
17421
17423
17424
17425
17426
17427
17428
17429
17430
17431
17432
17433
17434
17436
17439
17440
17442
17443
17444
17445
17446
17447
17448
17449
17450
17452
17453
17454
17455
17456
17457
17459
17460
17461
17462
17468
17469
17470
17472
17473
17474
17475
17476
17477
17478
17479
17480
17483
17485
17486
17487
17488
17489
17490
17491
17492
17493
17494
17495
17497
17499
17500
17501
17502
17503
17504
17505
17506
17508
17509
17510
17511
17513
17514
17515
17517
17518
17520
17521
17522
17524
17525
17526
17527
17528
17529
17530
17531
17532
17533
17534
17535
17536
17538
17539
17540
17541
17542
17543
17545
17546
17547
17548
17549
17550
17552
17553
17554
17555
17556
17557
17559
17560
17561
17562
17563
17564
17565
17566
17567
17568
17569
17570
17571
17572
17573
17574
17575
17576
17578
17579
17580
17582
17583
17584
17586
17587
17588
17589
17590
17591
17592
17593
17594
17595
17596
17597
17598
17600
17601
17602
17603
17604
17605
17606
17607
17608
17609
17610
17611
17612
17614
17615
17616
17618
17621
17622
17624
17625
17626
17627
17629
17630
17631
17633
17634
17635
17636
17638
17639
17641
17642
17644
17645
17646
17647
17648
17649
17650
17652
17653
17654
17655
17657
17658
17659
17660
17661
17664
17665
17666
17667
17668
17669
17670
17671
17672
17673
17675
17677
17678
17679
17680
17681
17682
17683
17684
17685
17686
17687
17689
17691
17692
17694
17695
17697
17698
17699
17700
17702
17703
17706
17707
17708
17709
17710
17711
17712
17713
17714
17715
17716
17718
17719
17720
17721
17722
17723
17724
17726
17727
17728
17729
17730
17731
17733
17734
17735
17736
17737
17738
17740
17741
17742
17744
17745
17746
17747
17749
17750
17751
17754
17755
17757
17758
17759
17760
17761
17763
17766
17767
17768
17769
17770
17771
17773
17775
17777
17778
17779
17780
17781
17782
17783
17784
17785
17786
17789
17790
17791
17792
17793
17794
17796
17797
17798
17799
17800
17801
17802
17803
17804
17805
17806
17807
17808
17809
17810
17811
17812
17813
17817
17818
17820
17821
17823
17824
17826
17827
17828
17829
17831
17833
17834
17835
17836
17839
17841
17842
17843
17844
17846
17847
17849
17851
17852
17853
17854
17855
17856
17857
17858
17860
17861
17862
17863
17864
17865
17866
17867
17868
17869
17870
17871
17872
17874
17876
17877
17878
17879
17880
17881
17882
17883
17884
17885
17887
17888
17889
17891
17892
17893
17894
17896
17898
17899
17900
17901
17902
17903
17904
17905
17906
17907
17909
17910
17911
17912
17913
17914
17915
17916
17917
17918
17919
17921
17922
17926
17927
17928
17931
17935
17936
17938
17941
17943
17944
17945
17946
17948
17949
17952
17953
17954
17955
17956
17957
17958
17959
17960
17961
17962
17963
17966
17967
17969
17970
17971
17972
17973
17977
17978
17979
17981
17982
17983
17984
17985
17986
17987
17988
17989
17990
17991
17992
17994
17995
17996
17997
17998
17999
18000
18001
18002
18004
18005
18006
18007
18010
18011
18012
18013
18014
18015
18016
18018
18019
18022
18023
18024
18025
18026
18027
18028
18030
18032
18034
18036
18037
18039
18041
18042
18043
18045
18047
18048
18051
18053
18054
18055
18056
18057
18059
18060
18061
18063
18064
18065
18067
18069
18070
18071
18072
18073
18074
18075
18076
18077
18078
18079
18080
18081
18084
18085
18086
18088
18089
18090
18091
18092
18093
18094
18095
18096
18098
18099
18100
18101
18102
18104
18106
18107
18108
18109
18110
18111
18112
18113
18114
18115
18116
18117
18118
18119
18120
18121
18123
18126
18127
18128
18129
18130
18131
18132
18133
18134
18135
18136
18137
18138
18139
18140
18141
18142
18143
18144
18145
18146
18147
18148
18149
18151
18152
18154
18155
18156
18157
18158
18159
18160
18161
18162
18165
18166
18167
18168
18169
18170
18172
18173
18174
18176
18178
18179
18180
18181
18182
18183
18185
18187
18188
18189
18190
18191
18192
18193
18194
18195
18196
18197
18198
18199
18200
18202
18203
18204
18206
18208
18209
18210
18211
18213
18214
18215
18216
18217
18218
18219
18220
18221
18222
18225
18227
18228
18231
18232
18233
18234
18235
18236
18237
18238
18239
18240
18242
18243
18244
18245
18246
18247
18248
18249
18250
18251
18252
18253
18254
18255
18256
18257
18258
18260
18261
18262
18263
18264
18265
18267
18268
18269
18270
18273
18274
18275
18276
18277
18278
18280
18281
18282
18283
18284
18285
18286
18287
18288
18289
18290
18291
18293
18294
18295
18296
18299
18300
18301
18302
18303
18304
18306
18307
18309
18311
18312
18313
18314
18315
18316
18317
18318
18320
18321
18323
18324
18325
18326
18327
18329
18330
18331
18332
18333
18334
18335
18336
18337
18338
18339
18340
18341
18342
18343
18344
18345
18346
18347
18348
18349
18352
18353
18354
18356
18357
18358
18360
18361
18365
18366
18367
18368
18369
18370
18371
18372
18373
18374
18375
18376
18377
18378
18379
18380
18381
18382
18383
18384
18385
18386
18387
18388
18389
18390
18391
18393
18394
18395
18396
18398
18399
18400
18401
18402
18404
18405
18407
18409
18410
18411
18412
18413
18415
18418
18419
18421
18423
18424
18425
18426
18427
18428
18429
18432
18433
18434
18435
18436
18437
18438
18439
18442
18444
18445
18446
18447
18448
18449
18450
18451
18453
18454
18455
18456
18457
18458
18459
18460
18461
18462
18463
18464
18465
18466
18467
18468
18469
18471
18473
18474
18475
18477
18478
18479
18480
18481
18482
18483
18484
18485
18486
18487
18489
18490
18491
18494
18495
18497
18498
18499
18500
18502
18504
18505
18507
18508
18510
18512
18514
18516
18517
18518
18519
18521
18524
18525
18526
18527
18529
18531
18532
18533
18534
18536
18538
18539
18540
18541
18542
18543
18544
18545
18547
18549
18550
18551
18552
18553
18555
18557
18558
18560
18563
18564
18566
18568
18570
18571
18572
18573
18574
18575
18576
18577
18578
18579
18580
18581
18582
18583
18584
18585
18586
18587
18588
18590
18592
18593
18594
18595
18596
18598
18599
18600
18601
18602
18603
18605
18606
18607
18608
18609
18610
18611
18612
18613
18614
18615
18616
18617
18618
18619
18620
18621
18622
18624
18625
18626
18627
18628
18629
18631
18633
18634
18635
18636
18637
18638
18639
18641
18642
18643
18644
18645
18646
18647
18649
18650
18651
18652
18653
18654
18655
18657
18658
18659
18660
18661
18663
18664
18666
18667
18668
18669
18670
18674
18675
18676
18677
18678
18679
18680
18681
18683
18685
18686
18688
18689
18691
18692
18694
18695
18696
18697
18701
18702
18703
18704
18705
18708
18709
18710
18711
18712
18714
18715
18716
18717
18718
18719
18721
18722
18723
18724
18725
18727
18728
18731
18732
18733
18735
18736
18737
18738
18739
18741
18742
18743
18746
18748
18749
18750
18751
18752
18754
18755
18756
18757
18758
18759
18760
18762
18764
18765
18766
18767
18769
18770
18771
18772
18773
18774
18775
18776
18777
18779
18780
18781
18782
18783
18784
18785
18787
18788
18789
18790
18791
18792
18794
18795
18796
18797
18798
18799
18800
18801
18803
18804
18805
18806
18809
18810
18811
18813
18814
18816
18817
18819
18820
18821
18823
18824
18825
18826
18827
18828
18829
18830
18831
18832
18833
18834
18835
18836
18837
18838
18839
18840
18841
18843
18844
18846
18847
18849
18850
18851
18852
18856
18858
18859
18861
18862
18863
18864
18866
18867
18869
18870
18871
18874
18876
18878
18879
18880
18881
18882
18883
18884
18885
18886
18887
18888
18889
18890
18892
18894
18895
18896
18897
18898
18899
18900
18901
18902
18904
18906
18907
18908
18909
18910
18913
18914
18915
18916
18917
18918
18919
18920
18921
18922
18923
18924
18925
18926
18929
18933
18934
18935
18937
18940
18941
18942
18943
18944
18945
18946
18947
18948
18949
18950
18951
18952
18953
18954
18955
18956
18957
18958
18959
18960
18961
18962
18963
18964
18966
18967
18968
18969
18971
18972
18973
18975
18976
18977
18978
18979
18980
18981
18982
18983
18984
18985
18986
18988
18990
18991
18992
18993
18994
18995
18996
18997
18998
19000
19001
19002
19004
19007
19008
19009
19010
19011
19012
19013
19015
19016
19017
19018
19019
19023
19024
19025
19027
19028
19029
19030
19031
19032
19034
19035
19036
19037
19038
19039
19040
19041
19043
19045
19046
19047
19048
19049
19050
19052
19053
19055
19056
19057
19058
19059
19060
19061
19062
19063
19064
19066
19068
19069
19070
19071
19073
19074
19076
19077
19078
19079
19081
19082
19083
19084
19085
19086
19087
19088
19089
19090
19091
19092
19093
19094
19095
19096
19098
19099
19100
19102
19104
19105
19106
19107
19108
19109
19110
19112
19113
19115
19117
19118
19119
19121
19123
19124
19126
19127
19128
19129
19130
19131
19132
19133
19134
19135
19136
19137
19138
19139
19142
19143
19144
19146
19147
19150
19151
19152
19155
19156
19157
19158
19159
19160
19161
19162
19163
19164
19165
19166
19167
19168
19169
19170
19171
19172
19173
19174
19175
19176
19177
19178
19179
19180
19181
19182
19183
19184
19185
19186
19188
19189
19190
19191
19192
19193
19194
19195
19196
19198
19200
19201
19202
19203
19204
19205
19206
19207
19208
19209
19210
19211
19212
19213
19214
19215
19216
19217
19218
19219
19221
19222
19224
19225
19226
19228
19229
19231
19232
19233
19234
19235
19236
19237
19238
19239
19240
19241
19242
19243
19244
19245
19246
19247
19248
19249
19250
19252
19254
19255
19256
19258
19261
19262
19263
19264
19265
19268
19269
19271
19272
19273
19274
19276
19277
19278
19279
19280
19281
19282
19283
19285
19286
19287
19289
19291
19292
19293
19294
19295
19297
19298
19299
19302
19304
19305
19306
19307
19308
19309
19310
19311
19312
19313
19314
19315
19316
19317
19318
19319
19320
19321
19323
19324
19326
19327
19328
19329
19331
19332
19334
19335
19336
19337
19338
19339
19340
19341
19342
19343
19344
19345
19346
19347
19352
19353
19354
19357
19358
19359
19360
19364
19365
19366
19368
19371
19372
19374
19375
19376
19378
19379
19380
19381
19382
19384
19385
19386
19387
19390
19391
19392
19393
19394
19395
19396
19397
19399
19400
19401
19402
19403
19404
19406
19408
19409
19410
19412
19413
19414
19415
19416
19419
19420
19421
19422
19424
19425
19426
19427
19428
19429
19430
19431
19433
19434
19435
19436
19437
19438
19439
19440
19442
19443
19444
19445
19446
19447
19448
19449
19450
19451
19453
19454
19455
19456
19457
19459
19461
19462
19463
19464
19465
19466
19467
19468
19469
19470
19471
19472
19473
19475
19476
19478
19479
19481
19484
19485
19486
19487
19488
19489
19490
19491
19493
19494
19495
19496
19497
19498
19500
19501
19503
19504
19505
19506
19507
19508
19509
19510
19511
19513
19515
19516
19517
19520
19521
19522
19523
19524
19525
19526
19527
19528
19530
19531
19532
19533
19534
19536
19537
19539
19541
19543
19544
19545
19546
19547
19548
19550
19551
19552
19553
19554
19555
19556
19557
19558
19559
19560
19561
19562
19563
19564
19566
19567
19568
19569
19570
19572
19573
19574
19575
19579
19580
19581
19582
19583
19584
19585
19586
19587
19588
19590
19591
19592
19593
19594
19595
19596
19597
19598
19599
19600
19601
19602
19605
19607
19609
19610
19611
19612
19613
19614
19615
19617
19618
19619
19620
19621
19622
19623
19625
19627
19631
19632
19633
19634
19635
19636
19640
19641
19642
19643
19644
19645
19646
19647
19648
19650
19651
19652
19653
19654
19655
19656
19657
19658
19659
19660
19661
19662
19663
19666
19667
19668
19669
19670
19672
19673
19674
19675
19677
19679
19680
19682
19683
19684
19685
19686
19687
19689
19690
19691
19695
19697
19698
19699
19700
19701
19702
19703
19704
19705
19706
19707
19708
19709
19710
19711
19712
19714
19715
19717
19718
19719
19720
19721
19722
19723
19724
19725
19726
19727
19729
19731
19733
19734
19736
19737
19738
19739
19740
19742
19743
19744
19745
19746
19748
19749
19750
19751
19752
19753
19754
19755
19757
19758
19759
19761
19762
19763
19764
19766
19768
19770
19771
19772
19773
19774
19775
19778
19780
19781
19782
19783
19784
19785
19786
19787
19790
19791
19794
19795
19796
19797
19799
19801
19803
19806
19807
19808
19810
19813
19814
19816
19817
19818
19819
19820
19821
19822
19823
19825
19826
19827
19828
19829
19830
19831
19832
19834
19836
19837
19839
19841
19842
19843
19844
19845
19846
19847
19848
19849
19850
19851
19852
19853
19854
19855
19858
19859
19860
19861
19864
19866
19867
19868
19869
19870
19871
19873
19874
19875
19876
19877
19878
19879
19880
19881
19883
19884
19885
19886
19887
19890
19891
19892
19894
19895
19897
19898
19899
19900
19902
19903
19904
19905
19906
19907
19908
19910
19911
19912
19914
19915
19916
19917
19918
19919
19921
19923
19925
19926
19928
19929
19931
19932
19933
19934
19935
19938
19939
19940
19941
19942
19943
19944
19947
19948
19949
19950
19951
19952
19954
19955
19956
19958
19959
19960
19961
19963
19964
19965
19966
19967
19968
19969
19970
19972
19973
19974
19975
19976
19977
19981
19982
19983
19984
19985
19987
19991
19992
19993
19994
19995
19996
19998
