28.3453016642 4
28.4933597618 7
28.6414178593 12
28.7894759569 13
28.9375340545 34
29.0855921521 25
29.2336502496 43
29.3817083472 57
29.5297664448 58
29.6778245424 87
29.8258826399 112
29.9739407375 132
30.1219988351 156
30.2700569327 192
30.4181150302 230
30.5661731278 291
30.7142312254 299
30.862289323 351
31.0103474205 355
31.1584055181 388
31.3064636157 410
31.4545217133 442
31.6025798108 463
31.7506379084 457
31.898696006 471
32.0467541036 499
32.1948122011 475
32.3428702987 451
32.4909283963 468
32.6389864938 465
32.7870445914 434
32.935102689 474
33.0831607866 405
33.2312188841 403
33.3792769817 395
33.5273350793 342
33.6753931769 376
33.8234512744 313
33.971509372 336
34.1195674696 288
34.2676255672 278
34.4156836647 271
34.5637417623 229
34.7117998599 238
34.8598579575 192
35.007916055 212
35.1559741526 171
35.3040322502 179
35.4520903478 134
35.6001484453 110
35.7482065429 114
35.8962646405 110
36.044322738 126
36.1923808356 108
36.3404389332 91
36.4884970308 89
36.6365551283 89
36.7846132259 77
36.9326713235 58
37.0807294211 50
37.2287875186 55
37.3768456162 39
37.5249037138 43
37.6729618114 46
37.8210199089 22
37.9690780065 24
38.1171361041 18
38.2651942017 26
38.4132522992 17
38.5613103968 23
38.7093684944 23
38.857426592 12
39.0054846895 13
39.1535427871 10
39.3016008847 4
39.4496589822 9
39.5977170798 7
39.7457751774 9
39.893833275 1
40.0418913725 6
40.1899494701 6
40.3380075677 2
40.4860656653 4
40.6341237628 1
40.7821818604 2
40.930239958 1
41.0782980556 2
41.2263561531 1
41.3744142507 2
41.5224723483 0
41.6705304459 0
41.8185885434 1
41.966646641 0
42.1147047386 2
42.2627628362 0
42.4108209337 1
42.5588790313 0
42.7069371289 0
42.8549952265 1
43.003053324 1
