28.3529643392 6
28.4958450122 10
28.6387256851 12
28.7816063581 14
28.924487031 32
29.067367704 37
29.2102483769 54
29.3531290499 49
29.4960097228 69
29.6388903958 77
29.7817710688 106
29.9246517417 154
30.0675324147 142
30.2104130876 178
30.3532937606 221
30.4961744335 280
30.6390551065 301
30.7819357794 312
30.9248164524 364
31.0676971253 367
31.2105777983 435
31.3534584713 436
31.4963391442 445
31.6392198172 461
31.7821004901 475
31.9249811631 479
32.067861836 484
32.210742509 475
32.3536231819 478
32.4965038549 468
32.6393845278 468
32.7822652008 451
32.9251458738 439
33.0680265467 423
33.2109072197 364
33.3537878926 388
33.4966685656 346
33.6395492385 341
33.7824299115 333
33.9253105844 339
34.0681912574 301
34.2110719304 310
34.3539526033 240
34.4968332763 281
34.6397139492 212
34.7825946222 223
34.9254752951 212
35.0683559681 190
35.211236641 176
35.354117314 181
35.4969979869 172
35.6398786599 158
35.7827593329 123
35.9256400058 125
36.0685206788 117
36.2114013517 93
36.3542820247 89
36.4971626976 93
36.6400433706 71
36.7829240435 63
36.9258047165 77
37.0686853895 52
37.2115660624 48
37.3544467354 48
37.4973274083 63
37.6402080813 34
37.7830887542 46
37.9259694272 29
38.0688501001 33
38.2117307731 21
38.3546114461 15
38.497492119 17
38.640372792 24
38.7832534649 21
38.9261341379 15
39.0690148108 23
39.2118954838 10
39.3547761567 13
39.4976568297 14
39.6405375026 5
39.7834181756 9
39.9262988486 12
40.0691795215 2
40.2120601945 11
40.3549408674 2
40.4978215404 6
40.6407022133 7
40.7835828863 5
40.9264635592 5
41.0693442322 2
41.2122249051 1
41.3551055781 1
41.4979862511 4
41.640866924 1
41.783747597 0
41.9266282699 2
42.0695089429 1
42.2123896158 2
42.3552702888 0
42.4981509617 2
