9981
10000
10105
10133
10308
10340
10434
10473
10491
10492
10517
10532
10669
10695
10772
10846
10873
10891
11063
11114
11265
11288
11305
11343
11416
11530
11537
11624
11682
11707
11795
11798
11828
11893
12067
12199
12213
12275
12329
12345
12353
12380
12422
12429
12433
12439
12471
12476
12489
12495
12655
12684
12696
12733
12795
12800
12850
12851
12856
12900
12964
13006
13012
13059
13134
13215
13226
13234
13264
13268
13312
13314
13324
13328
13366
13479
13486
13488
13490
13505
13549
13557
13609
13707
13761
13902
14030
14058
14083
14096
14133
14185
14188
14277
14355
14369
14416
14420
14505
14527
14564
14599
14623
14690
14746
14759
14903
14974
15089
15095
15107
15155
15164
15190
15197
15208
15232
15329
15396
15452
15561
15682
15683
15782
15808
15835
15838
15841
15858
15874
15881
15904
15939
16025
16040
16068
16304
16335
16443
16455
16527
16603
16665
16677
16726
16729
16742
16792
16882
16894
16908
16916
17070
17083
17115
17157
17377
17469
17509
17607
17670
17730
17780
17799
17822
17899
18007
18032
18262
18270
18467
18478
18502
18600
18718
18914
18960
19027
19359
19507
19559
19640
19655
19657
19660
19698
19717
19788
19846
19892
19926
19965
19998
