4384
1
2
7
8
11
13
15
17
20
34
35
38
44
46
49
50
51
54
58
59
64
67
69
71
73
75
76
79
85
95
101
103
105
107
109
110
114
117
118
120
131
135
137
149
157
172
192
194
196
205
208
211
215
219
222
224
232
239
241
242
245
250
252
254
257
259
263
266
270
279
281
286
294
295
296
297
306
309
314
322
323
326
328
330
331
332
333
336
337
338
340
341
344
347
351
352
353
356
361
392
395
396
399
400
402
423
424
426
432
433
437
439
445
447
449
451
452
454
455
459
461
464
465
473
475
477
482
483
487
488
489
492
494
496
498
500
506
519
523
524
526
538
541
542
548
551
553
559
562
568
571
584
590
597
605
608
610
614
619
621
627
628
630
640
646
648
664
665
670
675
677
680
690
691
696
702
705
711
712
713
718
719
721
731
738
742
763
768
769
775
776
777
788
789
792
794
804
807
808
811
814
816
826
827
828
834
839
855
860
863
864
873
877
878
879
884
885
900
904
910
916
937
944
946
948
955
958
962
971
982
989
994
996
1009
1011
1015
1016
1021
1025
1030
1033
1034
1036
1041
1050
1054
1058
1080
1083
1086
1095
1102
1111
1112
1114
1119
1123
1134
1136
1140
1143
1144
1145
1149
1154
1156
1160
1173
1177
1184
1187
1192
1194
1199
1200
1203
1208
1211
1215
1217
1221
1223
1238
1244
1247
1248
1249
1255
1259
1260
1269
1274
1275
1277
1278
1293
1297
1298
1303
1310
1316
1319
1324
1331
1335
1336
1338
1342
1345
1348
1359
1361
1363
1365
1368
1379
1387
1389
1396
1401
1418
1420
1421
1425
1441
1443
1444
1446
1448
1452
1456
1462
1464
1481
1483
1485
1489
1491
1494
1501
1512
1514
1516
1525
1527
1534
1543
1551
1552
1563
1573
1593
1606
1608
1611
1620
1623
1624
1626
1627
1636
1637
1638
1642
1650
1653
1663
1665
1669
1673
1675
1701
1702
1705
1719
1724
1732
1734
1739
1747
1760
1761
1779
1781
1809
1812
1814
1824
1827
1845
1851
1852
1858
1865
1879
1883
1892
1897
1902
1908
1912
1919
1920
1926
1928
1930
1931
1932
1936
1944
1947
1949
1950
1954
1956
1963
1965
1966
1988
1989
1990
1991
1992
1993
1996
1998
2000
2009
2010
2014
2016
2018
2022
2025
2035
2038
2039
2047
2057
2063
2064
2065
2071
2076
2080
2091
2106
2109
2112
2119
2121
2125
2136
2139
2142
2145
2148
2154
2168
2174
2181
2182
2183
2185
2186
2187
2188
2189
2190
2201
2206
2209
2213
2214
2218
2225
2227
2228
2229
2233
2236
2246
2247
2254
2260
2262
2266
2269
2277
2278
2287
2290
2291
2297
2299
2302
2307
2315
2316
2325
2326
2327
2328
2329
2330
2333
2336
2338
2339
2343
2350
2355
2361
2368
2375
2379
2392
2400
2401
2403
2411
2413
2415
2417
2432
2435
2436
2437
2441
2445
2454
2457
2462
2474
2482
2490
2493
2494
2495
2499
2507
2511
2514
2520
2525
2526
2532
2539
2540
2544
2563
2568
2571
2574
2577
2582
2589
2591
2598
2602
2603
2604
2605
2606
2610
2611
2624
2631
2636
2638
2641
2647
2651
2653
2656
2657
2662
2666
2683
2685
2686
2690
2692
2693
2697
2704
2707
2709
2710
2711
2713
2716
2719
2720
2723
2729
2734
2737
2747
2756
2763
2764
2766
2770
2774
2776
2778
2782
2786
2790
2791
2802
2805
2811
2818
2820
2821
2827
2830
2832
2844
2849
2852
2859
2860
2865
2871
2876
2879
2884
2886
2887
2892
2895
2896
2899
2901
2911
2912
2921
2924
2925
2933
2934
2935
2938
2941
2943
2948
2952
2955
2958
2959
2964
2969
2973
2994
2999
3003
3007
3008
3009
3017
3023
3027
3031
3036
3050
3054
3058
3060
3064
3067
3073
3076
3086
3092
3096
3097
3106
3110
3111
3113
3115
3119
3122
3130
3134
3146
3148
3153
3154
3159
3160
3161
3163
3167
3168
3170
3172
3174
3177
3183
3184
3189
3195
3200
3201
3213
3219
3222
3223
3234
3240
3242
3244
3251
3257
3262
3269
3282
3285
3286
3306
3309
3313
3317
3331
3332
3337
3352
3356
3364
3366
3368
3369
3375
3380
3394
3399
3410
3422
3426
3434
3435
3444
3447
3458
3463
3474
3482
3484
3490
3504
3508
3521
3525
3526
3535
3536
3544
3557
3560
3566
3568
3569
3582
3587
3597
3599
3610
3617
3624
3626
3630
3633
3639
3654
3657
3658
3663
3664
3683
3687
3688
3698
3700
3701
3715
3716
3718
3739
3740
3749
3751
3754
3755
3758
3763
3793
3795
3802
3804
3808
3811
3812
3822
3824
3835
3840
3842
3845
3854
3879
3888
3891
3892
3895
3896
3898
3903
3908
3913
3916
3917
3920
3924
3932
3937
3939
3940
3945
3956
3960
3962
3976
3993
4003
4005
4013
4015
4023
4025
4028
4029
4031
4035
4036
4037
4046
4048
4051
4055
4061
4071
4073
4074
4078
4086
4094
4098
4103
4109
4118
4121
4133
4134
4136
4139
4162
4164
4165
4169
4176
4177
4178
4184
4193
4199
4207
4210
4220
4223
4228
4237
4245
4247
4250
4257
4259
4263
4269
4279
4284
4291
4313
4323
4324
4332
4339
4354
4364
4367
4373
4374
4375
4377
4378
4387
4390
4396
4401
4404
4410
4415
4417
4431
4438
4443
4445
4450
4457
4458
4467
4468
4470
4483
4484
4489
4522
4551
4553
4555
4574
4580
4583
4591
4595
4596
4598
4604
4608
4609
4615
4617
4633
4638
4644
4658
4665
4667
4681
4682
4688
4689
4690
4691
4703
4707
4718
4722
4723
4727
4730
4731
4732
4738
4743
4760
4764
4765
4785
4788
4792
4795
4799
4804
4814
4823
4826
4831
4833
4835
4843
4844
4846
4849
4852
4867
4872
4874
4877
4887
4892
4897
4898
4904
4909
4912
4916
4927
4937
4944
4947
4953
4963
4965
4967
4972
4978
4985
4994
4997
5001
5006
5015
5018
5026
5029
5038
5043
5046
5053
5055
5056
5067
5074
5075
5086
5092
5096
5099
5102
5104
5111
5112
5119
5122
5130
5133
5136
5139
5143
5149
5154
5156
5179
5187
5190
5191
5192
5194
5196
5197
5199
5206
5212
5219
5221
5222
5232
5238
5241
5245
5246
5248
5258
5269
5271
5274
5282
5286
5288
5292
5302
5305
5310
5327
5335
5338
5340
5346
5347
5348
5350
5353
5358
5367
5369
5399
5400
5410
5413
5417
5419
5421
5425
5427
5433
5442
5455
5458
5461
5470
5475
5483
5485
5486
5489
5496
5500
5502
5504
5506
5510
5515
5520
5529
5535
5541
5555
5561
5562
5566
5570
5575
5580
5585
5596
5603
5606
5607
5609
5610
5613
5624
5637
5638
5667
5671
5678
5681
5682
5689
5691
5699
5708
5709
5710
5716
5721
5724
5725
5733
5743
5745
5746
5755
5772
5781
5785
5790
5791
5792
5794
5799
5806
5811
5817
5818
5841
5843
5847
5849
5850
5852
5855
5861
5868
5884
5895
5896
5901
5903
5907
5910
5914
5916
5927
5936
5940
5946
5952
5961
5962
5963
5965
5972
5975
5976
5986
6003
6007
6010
6011
6020
6022
6029
6033
6035
6040
6046
6047
6049
6058
6063
6065
6077
6084
6087
6089
6092
6106
6111
6115
6120
6126
6127
6129
6132
6136
6138
6146
6148
6151
6164
6174
6175
6178
6180
6184
6185
6192
6194
6197
6198
6200
6202
6204
6209
6214
6217
6221
6222
6223
6234
6239
6240
6242
6243
6245
6248
6256
6267
6291
6317
6323
6326
6331
6333
6337
6344
6346
6347
6358
6368
6370
6372
6373
6378
6379
6380
6384
6385
6387
6388
6390
6394
6396
6402
6413
6422
6426
6429
6431
6448
6453
6465
6466
6471
6473
6476
6486
6488
6497
6498
6501
6503
6504
6506
6513
6515
6524
6528
6529
6533
6535
6542
6550
6553
6561
6566
6575
6576
6580
6595
6596
6597
6600
6601
6603
6608
6612
6615
6623
6624
6637
6642
6644
6646
6658
6672
6681
6682
6684
6697
6703
6705
6709
6717
6724
6726
6736
6740
6742
6744
6756
6766
6767
6775
6776
6782
6786
6789
6793
6801
6810
6818
6825
6839
6845
6862
6864
6890
6898
6917
6925
6928
6933
6940
6948
6952
6959
6960
6964
6969
6972
6976
6980
6981
6984
6987
6992
6993
6994
6996
7007
7018
7020
7026
7027
7028
7037
7038
7050
7053
7065
7067
7068
7074
7078
7086
7092
7093
7095
7096
7110
7116
7119
7123
7124
7128
7131
7147
7148
7151
7154
7167
7180
7183
7187
7189
7193
7194
7202
7203
7207
7209
7216
7218
7219
7221
7234
7235
7240
7248
7254
7256
7257
7264
7270
7274
7282
7283
7285
7289
7290
7293
7307
7313
7316
7321
7332
7333
7337
7338
7346
7353
7356
7358
7369
7370
7374
7376
7377
7379
7382
7388
7391
7392
7404
7406
7409
7417
7420
7421
7430
7434
7435
7437
7439
7440
7444
7449
7455
7456
7457
7460
7467
7476
7477
7478
7486
7488
7502
7513
7514
7515
7518
7519
7524
7525
7527
7533
7550
7553
7554
7557
7559
7572
7574
7575
7576
7580
7585
7587
7596
7597
7599
7603
7605
7607
7609
7623
7628
7629
7638
7642
7650
7664
7668
7679
7682
7683
7685
7693
7714
7720
7721
7724
7727
7745
7750
7755
7758
7760
7764
7765
7766
7778
7781
7794
7796
7802
7809
7827
7831
7837
7839
7845
7851
7854
7866
7872
7877
7879
7889
7891
7893
7899
7912
7913
7918
7920
7921
7925
7931
7941
7953
7956
7964
7966
7974
7986
7988
7999
8002
8004
8008
8012
8013
8016
8021
8030
8031
8033
8035
8038
8042
8044
8046
8048
8055
8060
8064
8068
8070
8096
8102
8104
8105
8109
8111
8112
8114
8117
8119
8126
8128
8136
8141
8152
8170
8173
8176
8189
8190
8196
8198
8207
8219
8220
8228
8232
8234
8237
8241
8246
8262
8265
8267
8269
8271
8275
8284
8289
8298
8306
8308
8312
8319
8320
8330
8334
8336
8340
8359
8361
8364
8367
8371
8382
8391
8400
8402
8406
8407
8408
8417
8425
8430
8437
8445
8451
8457
8459
8460
8463
8464
8473
8475
8479
8491
8493
8497
8502
8506
8507
8510
8516
8518
8520
8529
8530
8536
8539
8543
8545
8552
8554
8559
8567
8570
8580
8588
8589
8591
8602
8615
8616
8623
8633
8634
8636
8638
8649
8661
8663
8664
8665
8667
8669
8673
8674
8680
8685
8687
8689
8696
8702
8710
8713
8727
8729
8742
8744
8750
8752
8755
8757
8763
8766
8770
8779
8790
8792
8793
8799
8801
8808
8821
8832
8836
8843
8846
8850
8858
8871
8875
8876
8888
8892
8895
8899
8900
8907
8910
8912
8917
8919
8920
8929
8930
8933
8935
8937
8956
8957
8959
8963
8968
8970
8971
8974
8975
8983
8990
9001
9014
9016
9029
9032
9039
9046
9051
9053
9054
9058
9062
9066
9072
9078
9080
9081
9083
9090
9093
9099
9104
9107
9109
9112
9115
9117
9130
9132
9134
9135
9137
9139
9153
9165
9166
9170
9178
9179
9180
9183
9185
9200
9203
9216
9221
9225
9232
9239
9240
9246
9248
9266
9274
9276
9290
9291
9293
9303
9308
9309
9312
9317
9320
9327
9341
9342
9347
9348
9358
9361
9365
9370
9372
9377
9379
9381
9385
9387
9393
9395
9396
9397
9402
9415
9419
9423
9424
9436
9439
9447
9451
9453
9464
9468
9471
9473
9475
9490
9491
9494
9501
9503
9504
9509
9511
9515
9533
9535
9541
9547
9556
9559
9563
9567
9572
9576
9577
9580
9590
9591
9595
9605
9612
9615
9617
9621
9622
9627
9629
9633
9634
9649
9651
9654
9660
9662
9663
9667
9668
9669
9671
9678
9679
9687
9698
9700
9701
9703
9715
9718
9719
9722
9738
9744
9749
9750
9763
9768
9771
9773
9778
9779
9792
9793
9795
9797
9800
9803
9822
9824
9828
9830
9833
9835
9844
9847
9852
9858
9859
9862
9864
9865
9869
9874
9890
9894
9898
9899
9901
9906
9910
9914
9915
9920
9926
9964
9965
9969
9976
9977
9980
9982
9990
9992
9994
10010
10015
10023
10031
10043
10047
10059
10061
10062
10065
10070
10075
10079
10091
10109
10118
10125
10142
10148
10167
10175
10177
10187
10197
10200
10205
10214
10219
10227
10246
10251
10252
10260
10274
10276
10286
10288
10289
10290
10296
10298
10301
10303
10305
10306
10335
10341
10343
10379
10384
10388
10393
10395
10404
10408
10418
10429
10432
10446
10449
10451
10452
10457
10470
10472
10475
10477
10478
10479
10485
10490
10519
10526
10528
10547
10560
10565
10568
10573
10577
10587
10588
10594
10595
10607
10612
10613
10618
10625
10630
10633
10637
10654
10655
10675
10681
10694
10697
10703
10745
10751
10752
10753
10754
10763
10781
10788
10789
10790
10794
10816
10820
10832
10844
10850
10852
10853
10855
10864
10867
10868
10871
10878
10886
10888
10892
10894
10898
10904
10905
10912
10913
10918
10921
10929
10931
10936
10947
10953
10958
10959
10969
10971
10972
10977
10979
10985
10991
10996
10998
11008
11012
11028
11029
11035
11043
11045
11047
11049
11051
11056
11068
11069
11070
11072
11078
11087
11088
11108
11112
11116
11119
11129
11130
11132
11137
11144
11146
11147
11151
11156
11163
11164
11172
11181
11183
11188
11192
11212
11242
11245
11249
11250
11252
11254
11255
11258
11264
11279
11280
11300
11310
11315
11321
11341
11355
11362
11380
11381
11398
11406
11407
11409
11413
11433
11434
11436
11437
11439
11443
11444
11449
11452
11464
11467
11476
11493
11496
11498
11505
11507
11524
11539
11542
11546
11555
11558
11560
11563
11564
11569
11575
11576
11582
11598
11605
11614
11623
11628
11630
11640
11644
11655
11658
11659
11667
11670
11674
11676
11680
11681
11685
11687
11689
11690
11711
11714
11720
11728
11734
11746
11753
11772
11775
11790
11792
11793
11796
11797
11800
11807
11813
11834
11840
11842
11853
11863
11877
11898
11900
11903
11910
11911
11912
11913
11917
11920
11921
11922
11926
11927
11933
11943
11950
11956
11959
11968
11970
11972
11980
11984
11991
12009
12010
12020
12023
12029
12032
12034
12038
12040
12046
12050
12051
12053
12061
12065
12071
12077
12092
12101
12106
12120
12132
12141
12145
12165
12179
12187
12205
12221
12223
12225
12226
12234
12260
12268
12279
12290
12301
12304
12309
12310
12314
12328
12331
12332
12334
12337
12347
12358
12360
12368
12372
12375
12379
12383
12391
12393
12404
12408
12417
12438
12448
12449
12458
12465
12469
12478
12482
12484
12485
12500
12501
12505
12508
12513
12517
12520
12538
12543
12573
12580
12582
12612
12628
12633
12645
12647
12659
12661
12665
12666
12669
12672
12693
12694
12734
12748
12752
12754
12755
12756
12780
12781
12785
12793
12797
12820
12823
12839
12843
12847
12857
12858
12873
12881
12883
12888
12892
12895
12911
12919
12920
12924
12936
12938
12939
12942
12943
12944
12945
12950
12954
12968
12977
12980
12983
12986
12990
12993
13010
13018
13022
13025
13027
13050
13056
13071
13072
13082
13084
13086
13095
13106
13110
13116
13124
13126
13128
13132
13136
13141
13146
13152
13154
13157
13160
13165
13175
13180
13191
13195
13202
13203
13208
13214
13216
13240
13241
13250
13256
13259
13261
13263
13274
13295
13307
13318
13325
13334
13342
13370
13382
13389
13391
13397
13398
13405
13406
13418
13421
13432
13436
13438
13445
13447
13458
13466
13467
13468
13492
13496
13507
13528
13531
13536
13539
13540
13551
13553
13555
13560
13564
13577
13579
13581
13599
13602
13610
13618
13631
13634
13641
13645
13649
13650
13651
13652
13655
13658
13664
13668
13672
13690
13695
13700
13702
13703
13704
13713
13714
13715
13717
13727
13728
13730
13731
13740
13741
13745
13756
13763
13766
13773
13809
13811
13813
13819
13822
13823
13825
13826
13828
13829
13835
13839
13840
13847
13853
13862
13867
13871
13875
13882
13890
13892
13900
13928
13931
13933
13934
13936
13938
13959
13965
13969
13978
13983
13991
13992
14000
14004
14007
14008
14022
14026
14034
14040
14061
14062
14067
14075
14077
14095
14098
14101
14109
14125
14126
14138
14145
14157
14160
14170
14171
14174
14175
14182
14183
14184
14198
14201
14207
14217
14218
14233
14242
14250
14252
14257
14259
14265
14266
14276
14282
14290
14292
14309
14315
14326
14336
14370
14398
14399
14408
14413
14419
14423
14434
14441
14442
14454
14456
14464
14468
14473
14475
14476
14477
14482
14486
14500
14508
14513
14514
14526
14531
14533
14534
14543
14545
14551
14553
14577
14579
14590
14592
14622
14624
14630
14646
14652
14654
14656
14659
14662
14671
14672
14681
14687
14694
14695
14713
14715
14725
14726
14740
14743
14748
14760
14764
14765
14775
14777
14782
14783
14785
14798
14810
14816
14824
14839
14853
14856
14857
14862
14899
14908
14922
14928
14934
14942
14947
14952
14956
14957
14970
14999
15008
15017
15020
15022
15023
15028
15031
15046
15051
15055
15056
15065
15066
15073
15078
15081
15082
15084
15098
15102
15116
15118
15121
15122
15124
15132
15135
15147
15157
15161
15185
15187
15199
15205
15207
15218
15219
15223
15226
15227
15234
15236
15238
15241
15253
15262
15281
15285
15287
15297
15321
15322
15323
15327
15330
15331
15339
15358
15359
15362
15371
15374
15399
15415
15425
15430
15434
15440
15445
15454
15462
15467
15471
15473
15474
15480
15490
15496
15506
15521
15526
15532
15545
15553
15555
15560
15567
15569
15577
15601
15603
15615
15619
15621
15627
15629
15635
15636
15679
15690
15694
15699
15704
15712
15721
15727
15729
15732
15741
15744
15761
15787
15790
15795
15803
15809
15810
15811
15816
15844
15849
15852
15856
15859
15862
15871
15878
15891
15926
15927
15929
15931
15940
15941
15952
15960
15967
15978
15985
15987
16005
16012
16013
16016
16022
16027
16032
16033
16036
16038
16039
16041
16042
16053
16085
16096
16102
16104
16108
16114
16120
16131
16138
16140
16142
16145
16148
16156
16158
16165
16172
16173
16179
16183
16200
16201
16211
16220
16221
16224
16237
16240
16247
16254
16258
16259
16261
16265
16268
16273
16277
16278
16293
16294
16306
16312
16315
16319
16324
16329
16333
16338
16352
16353
16358
16366
16383
16386
16389
16394
16395
16396
16397
16398
16412
16413
16424
16429
16438
16451
16454
16457
16463
16464
16466
16470
16493
16525
16538
16539
16543
16560
16561
16563
16566
16568
16573
16574
16577
16582
16604
16606
16619
16629
16636
16637
16643
16649
16652
16676
16678
16686
16687
16709
16712
16722
16739
16756
16773
16780
16782
16796
16800
16815
16819
16836
16840
16847
16851
16858
16873
16881
16891
16896
16901
16905
16913
16919
16920
16921
16923
16931
16936
16951
16955
16958
16970
16973
16975
16981
16982
16996
17014
17020
17029
17030
17031
17051
17053
17060
17064
17072
17075
17090
17096
17104
17106
17118
17120
17137
17138
17152
17160
17161
17197
17214
17217
17220
17222
17225
17238
17240
17242
17244
17250
17254
17270
17275
17277
17280
17282
17285
17290
17312
17324
17329
17352
17355
17362
17381
17383
17384
17391
17398
17400
17406
17411
17418
17419
17423
17435
17441
17442
17445
17453
17474
17484
17486
17507
17526
17540
17552
17556
17566
17567
17571
17585
17600
17635
17642
17645
17650
17662
17667
17668
17669
17672
17674
17685
17687
17692
17693
17694
17702
17707
17715
17723
17732
17739
17744
17746
17752
17762
17764
17786
17788
17791
17795
17798
17802
17813
17815
17820
17830
17834
17837
17845
17851
17855
17858
17864
17873
17875
17889
17897
17908
17937
17939
17964
17981
17982
17989
17999
18009
18011
18014
18015
18020
18023
18028
18029
18038
18041
18042
18047
18049
18054
18055
18063
18066
18067
18077
18078
18081
18087
18090
18094
18096
18097
18103
18106
18108
18120
18121
18125
18131
18146
18159
18160
18166
18173
18175
18180
18181
18200
18226
18228
18243
18246
18247
18251
18253
18257
18261
18266
18267
18268
18278
18283
18288
18297
18313
18314
18317
18333
18337
18340
18359
18360
18384
18386
18396
18406
18409
18422
18423
18427
18429
18436
18440
18452
18462
18481
18494
18500
18503
18519
18523
18539
18540
18542
18547
18549
18551
18558
18566
18569
18573
18587
18597
18603
18604
18616
18617
18618
18624
18628
18629
18647
18655
18659
18660
18678
18680
18709
18714
18715
18727
18735
18739
18743
18772
18783
18785
18787
18801
18810
18812
18833
18837
18839
18845
18853
18867
18874
18878
18885
18890
18897
18898
18906
18907
18915
18924
18932
18941
18950
18961
18966
18969
18976
18982
18992
18998
19000
19008
19012
19018
19019
19033
19039
19066
19073
19093
19095
19096
19097
19099
19103
19105
19111
19117
19119
19127
19130
19138
19144
19146
19147
19152
19161
19168
19170
19176
19187
19198
19199
19205
19212
19225
19232
19240
19246
19251
19279
19288
19291
19297
19298
19302
19305
19309
19317
19327
19335
19337
19351
19353
19361
19364
19371
19373
19375
19379
19381
19383
19385
19386
19391
19392
19401
19409
19417
19419
19424
19438
19451
19455
19459
19461
19465
19471
19478
19481
19489
19504
19508
19515
19518
19525
19532
19547
19554
19560
19568
19576
19579
19581
19583
19593
19594
19597
19612
19616
19636
19646
19652
19653
19656
19664
19670
19671
19684
19690
19695
19699
19706
19726
19735
19745
19764
19792
19806
19812
19826
19828
19834
19836
19848
19851
19853
19856
19863
19869
19873
19880
19883
19903
19907
19925
19934
19941
19947
19951
19956
19958
19963
19974
19984
19989
19990
19996
