12926
0
4
5
6
9
10
12
14
16
18
19
21
22
23
24
25
26
27
28
29
30
31
32
33
36
37
39
40
41
42
43
45
47
48
53
56
57
60
61
62
63
65
66
68
70
72
74
77
78
80
81
82
83
84
87
88
89
90
92
94
96
97
98
99
100
102
104
106
108
111
112
113
115
116
119
121
122
123
124
125
126
127
128
129
130
132
133
134
136
138
139
140
141
142
143
144
145
146
147
148
150
151
152
153
154
155
158
159
160
161
162
163
164
165
166
167
168
169
170
171
173
174
175
176
177
178
179
180
182
183
184
185
186
187
188
189
190
191
193
195
197
198
199
200
201
202
203
204
206
207
209
210
212
213
216
217
218
220
221
223
225
227
228
230
231
233
235
236
237
238
240
243
244
246
247
249
251
253
255
256
258
260
261
262
264
265
267
268
269
271
272
273
274
275
276
277
278
280
282
283
284
285
287
288
289
290
291
292
293
298
299
300
301
304
305
307
308
310
311
312
313
315
316
317
318
319
320
321
324
325
327
329
334
335
339
342
343
345
346
348
349
350
354
355
357
358
359
360
362
363
364
365
366
367
368
369
370
371
372
373
374
375
376
377
378
379
380
381
382
383
384
385
386
387
388
389
390
391
393
394
397
398
401
403
404
405
406
407
408
409
410
411
412
413
414
415
416
417
418
419
420
421
422
425
428
429
430
431
434
435
436
438
440
441
442
443
444
446
448
450
453
456
457
458
460
462
463
466
467
468
469
470
471
472
474
478
479
480
481
484
485
486
490
493
495
497
501
502
503
504
505
507
508
510
511
512
513
514
515
516
517
518
520
521
522
525
527
528
529
530
531
532
533
535
536
537
539
540
543
544
545
546
547
549
550
552
554
555
556
557
558
560
561
563
564
565
566
567
569
570
572
573
574
575
576
577
578
579
580
581
582
583
585
586
587
588
589
591
592
593
594
595
596
598
599
600
601
602
603
604
606
607
609
611
612
613
615
616
617
618
620
622
623
624
625
626
629
631
632
633
634
635
636
637
638
639
641
642
643
644
645
647
649
650
651
652
653
654
655
656
657
658
659
661
662
663
666
667
668
669
671
672
673
674
676
678
679
681
682
683
684
685
686
687
688
689
692
694
695
697
698
699
700
701
703
704
706
707
708
709
710
714
715
716
717
720
722
723
724
725
726
727
728
729
730
732
733
734
735
736
737
739
740
741
743
744
745
746
747
748
749
750
751
752
753
754
755
756
757
758
759
760
761
762
764
765
766
767
770
771
772
773
774
778
779
780
781
782
784
785
786
787
790
791
793
795
796
797
798
799
800
801
802
803
805
806
809
810
812
813
815
817
818
819
821
822
823
824
825
829
830
831
833
835
836
837
838
840
842
843
844
845
846
847
848
849
850
851
852
853
854
856
857
858
859
861
862
865
866
867
868
869
870
871
872
874
875
876
880
881
883
886
887
888
889
890
891
892
893
894
895
896
897
898
901
902
903
905
906
908
909
911
912
913
914
915
917
918
919
920
921
922
923
924
925
926
927
928
929
930
931
932
933
934
935
936
938
939
940
942
943
945
947
949
950
951
952
953
954
956
957
959
960
961
963
965
966
967
968
969
970
972
973
974
975
976
977
978
979
980
981
983
984
985
986
987
988
990
991
992
993
995
997
998
999
1000
1001
1002
1003
1004
1005
1006
1007
1008
1010
1012
1013
1014
1017
1018
1019
1020
1022
1023
1024
1026
1027
1028
1029
1031
1032
1035
1037
1038
1039
1040
1042
1043
1044
1045
1046
1047
1048
1049
1051
1052
1053
1056
1057
1059
1060
1061
1062
1063
1064
1066
1067
1068
1069
1070
1071
1072
1073
1074
1075
1076
1077
1078
1079
1082
1084
1085
1087
1088
1089
1090
1091
1092
1093
1094
1096
1097
1098
1099
1100
1101
1103
1104
1106
1107
1108
1109
1110
1115
1116
1117
1118
1121
1122
1124
1125
1126
1127
1128
1129
1130
1131
1132
1133
1135
1137
1138
1139
1141
1142
1146
1147
1148
1150
1151
1152
1153
1155
1157
1158
1159
1161
1162
1163
1164
1165
1166
1167
1168
1169
1171
1172
1174
1175
1176
1178
1179
1180
1181
1182
1183
1185
1186
1188
1189
1191
1195
1196
1197
1198
1201
1202
1204
1205
1206
1207
1209
1210
1212
1213
1214
1216
1218
1219
1220
1222
1224
1225
1226
1227
1228
1229
1230
1231
1232
1233
1234
1235
1236
1237
1239
1240
1242
1243
1245
1246
1250
1252
1253
1254
1256
1257
1258
1261
1262
1263
1264
1265
1266
1267
1268
1270
1271
1272
1273
1276
1279
1281
1283
1284
1285
1286
1287
1288
1289
1290
1291
1292
1294
1295
1296
1299
1300
1301
1302
1305
1306
1307
1308
1309
1311
1312
1313
1314
1315
1317
1318
1320
1322
1323
1325
1326
1327
1328
1329
1330
1333
1334
1337
1339
1341
1343
1344
1346
1347
1349
1350
1351
1352
1353
1354
1355
1356
1357
1358
1360
1362
1364
1366
1367
1369
1370
1371
1373
1374
1375
1376
1377
1378
1380
1381
1382
1383
1384
1385
1386
1388
1390
1392
1393
1394
1395
1397
1398
1400
1402
1403
1404
1405
1406
1407
1408
1409
1410
1411
1412
1413
1414
1415
1416
1417
1419
1422
1423
1424
1426
1427
1428
1430
1431
1432
1433
1434
1438
1439
1440
1442
1445
1447
1449
1450
1451
1453
1454
1455
1457
1458
1459
1460
1461
1463
1465
1466
1467
1468
1469
1470
1471
1472
1473
1474
1475
1476
1477
1478
1479
1480
1482
1484
1486
1488
1490
1492
1493
1495
1496
1497
1498
1499
1500
1502
1503
1504
1505
1506
1507
1508
1509
1510
1511
1513
1515
1517
1518
1520
1521
1522
1523
1524
1526
1528
1529
1530
1531
1532
1533
1536
1537
1538
1539
1540
1541
1542
1544
1545
1546
1547
1549
1550
1553
1554
1555
1556
1557
1558
1559
1560
1561
1562
1564
1565
1566
1567
1568
1569
1570
1571
1572
1574
1575
1576
1577
1578
1580
1581
1582
1583
1584
1585
1586
1587
1588
1589
1590
1591
1592
1594
1595
1596
1597
1598
1599
1600
1601
1602
1603
1604
1605
1607
1609
1610
1612
1613
1614
1615
1616
1617
1618
1619
1621
1622
1625
1628
1629
1630
1631
1632
1633
1634
1635
1639
1640
1641
1643
1644
1645
1646
1647
1648
1649
1651
1652
1654
1655
1656
1657
1658
1659
1660
1661
1662
1664
1666
1667
1668
1670
1671
1672
1674
1676
1677
1679
1680
1681
1682
1683
1684
1685
1686
1687
1688
1689
1690
1691
1692
1693
1694
1695
1696
1697
1698
1699
1700
1703
1704
1706
1707
1708
1709
1710
1712
1713
1714
1715
1716
1717
1718
1720
1721
1722
1723
1725
1726
1727
1728
1729
1730
1731
1733
1735
1736
1737
1738
1740
1741
1742
1743
1744
1745
1746
1748
1749
1750
1751
1752
1753
1754
1755
1756
1757
1758
1759
1762
1763
1764
1765
1766
1767
1768
1770
1771
1772
1773
1774
1775
1776
1777
1778
1780
1782
1783
1784
1785
1786
1787
1788
1790
1791
1792
1793
1794
1795
1796
1797
1798
1799
1800
1801
1802
1803
1804
1805
1806
1807
1808
1810
1815
1816
1818
1819
1820
1821
1822
1823
1825
1826
1828
1829
1830
1831
1832
1833
1834
1835
1836
1837
1838
1839
1840
1841
1842
1843
1844
1846
1848
1849
1850
1853
1854
1855
1856
1857
1859
1860
1861
1862
1863
1864
1866
1867
1868
1869
1870
1871
1872
1873
1874
1875
1876
1877
1878
1880
1881
1882
1884
1885
1886
1887
1888
1889
1890
1891
1893
1894
1895
1896
1898
1899
1900
1901
1903
1904
1905
1906
1907
1909
1910
1911
1914
1915
1916
1917
1918
1921
1922
1923
1924
1925
1927
1929
1933
1934
1935
1937
1938
1939
1940
1941
1942
1943
1945
1948
1951
1952
1953
1955
1957
1958
1959
1960
1961
1962
1967
1968
1969
1970
1971
1972
1973
1974
1975
1976
1977
1978
1979
1980
1981
1982
1983
1984
1985
1986
1987
1994
1995
1997
2001
2002
2004
2005
2006
2007
2008
2011
2013
2015
2017
2019
2020
2021
2023
2024
2026
2027
2029
2030
2032
2033
2034
2036
2037
2040
2041
2042
2043
2044
2045
2046
2048
2049
2050
2051
2053
2054
2055
2056
2058
2059
2060
2061
2062
2066
2067
2068
2069
2070
2072
2074
2075
2077
2078
2079
2081
2082
2083
2084
2085
2086
2087
2088
2090
2092
2093
2094
2095
2096
2097
2098
2099
2100
2101
2102
2103
2104
2105
2107
2110
2111
2113
2114
2115
2116
2118
2120
2122
2123
2126
2127
2128
2129
2130
2131
2132
2133
2134
2135
2137
2138
2140
2141
2143
2144
2146
2149
2150
2151
2152
2153
2155
2156
2157
2158
2159
2160
2161
2162
2163
2164
2165
2166
2167
2169
2170
2171
2172
2173
2176
2178
2179
2180
2184
2191
2192
2193
2194
2195
2196
2197
2198
2199
2200
2202
2203
2204
2205
2207
2208
2210
2211
2212
2215
2216
2217
2219
2220
2221
2222
2223
2224
2226
2230
2231
2232
2234
2235
2237
2239
2240
2241
2242
2243
2244
2245
2248
2249
2250
2251
2252
2253
2255
2256
2257
2258
2259
2263
2264
2265
2267
2270
2271
2272
2273
2274
2275
2276
2279
2280
2281
2282
2283
2285
2286
2288
2289
2292
2293
2294
2295
2296
2298
2300
2301
2303
2304
2305
2306
2308
2309
2310
2311
2312
2313
2314
2317
2318
2319
2320
2321
2322
2323
2324
2331
2332
2334
2335
2337
2340
2341
2342
2344
2345
2346
2347
2348
2349
2351
2352
2353
2354
2356
2357
2358
2359
2360
2362
2363
2364
2365
2366
2367
2370
2371
2372
2373
2374
2376
2377
2378
2380
2381
2382
2383
2384
2386
2387
2388
2389
2390
2391
2393
2394
2395
2396
2397
2398
2399
2404
2405
2406
2407
2408
2409
2410
2412
2414
2416
2418
2419
2420
2421
2422
2423
2424
2425
2426
2427
2428
2429
2430
2433
2438
2439
2440
2442
2443
2444
2446
2447
2448
2449
2450
2451
2452
2453
2455
2456
2458
2459
2460
2461
2463
2464
2465
2467
2468
2469
2470
2472
2473
2475
2476
2477
2478
2479
2480
2481
2483
2484
2485
2486
2487
2488
2489
2491
2492
2496
2497
2498
2500
2501
2502
2503
2504
2505
2506
2508
2510
2513
2515
2516
2517
2518
2519
2521
2522
2523
2524
2527
2528
2529
2530
2531
2533
2534
2536
2537
2538
2542
2543
2545
2546
2547
2548
2549
2550
2551
2552
2553
2554
2555
2556
2557
2558
2559
2560
2561
2562
2564
2565
2566
2567
2569
2570
2572
2573
2575
2578
2579
2580
2581
2583
2584
2585
2587
2588
2590
2592
2593
2594
2595
2596
2597
2599
2600
2601
2607
2608
2609
2612
2613
2615
2616
2617
2618
2619
2620
2623
2626
2627
2628
2629
2630
2632
2633
2634
2635
2637
2639
2640
2642
2643
2644
2645
2646
2648
2649
2650
2652
2654
2655
2658
2659
2660
2661
2663
2664
2665
2667
2668
2669
2670
2671
2672
2673
2674
2675
2676
2677
2679
2680
2681
2682
2684
2687
2688
2689
2691
2694
2695
2696
2698
2699
2700
2701
2702
2703
2705
2706
2708
2712
2714
2715
2718
2721
2722
2724
2725
2726
2727
2728
2730
2731
2732
2733
2735
2736
2739
2740
2741
2742
2743
2744
2745
2746
2748
2749
2750
2751
2752
2753
2754
2755
2757
2759
2760
2761
2762
2765
2767
2768
2769
2771
2772
2775
2777
2779
2780
2781
2783
2784
2785
2787
2788
2789
2792
2794
2795
2796
2797
2798
2799
2800
2801
2803
2804
2806
2807
2808
2809
2810
2812
2813
2814
2815
2817
2819
2822
2823
2824
2825
2826
2828
2829
2831
2833
2834
2835
2836
2837
2838
2839
2840
2841
2842
2843
2845
2846
2848
2850
2851
2853
2854
2855
2856
2857
2858
2861
2862
2863
2864
2866
2867
2868
2869
2870
2872
2874
2875
2877
2878
2880
2882
2883
2885
2888
2889
2890
2891
2893
2894
2897
2898
2900
2902
2903
2904
2905
2906
2907
2908
2909
2910
2913
2914
2915
2916
2917
2918
2919
2920
2922
2923
2926
2927
2929
2930
2931
2932
2936
2937
2942
2944
2946
2947
2949
2950
2951
2953
2954
2956
2957
2960
2961
2962
2963
2965
2966
2967
2968
2970
2971
2972
2974
2975
2976
2978
2979
2980
2981
2982
2983
2984
2985
2986
2987
2988
2989
2990
2991
2992
2993
2995
2996
2997
2998
3000
3001
3002
3004
3005
3006
3010
3011
3012
3013
3014
3015
3016
3018
3019
3020
3021
3022
3025
3026
3028
3030
3032
3033
3034
3035
3038
3039
3040
3041
3042
3043
3044
3045
3046
3047
3048
3049
3052
3053
3055
3056
3057
3059
3061
3062
3063
3065
3066
3068
3069
3070
3071
3072
3075
3077
3078
3079
3080
3081
3082
3083
3084
3085
3087
3088
3089
3090
3091
3093
3094
3095
3098
3099
3100
3101
3102
3103
3104
3105
3107
3108
3109
3112
3114
3116
3117
3118
3120
3121
3123
3124
3125
3126
3127
3128
3129
3131
3133
3135
3136
3137
3138
3139
3140
3141
3142
3143
3144
3145
3147
3149
3150
3151
3152
3155
3156
3157
3158
3162
3165
3166
3169
3171
3173
3175
3176
3178
3179
3180
3181
3182
3185
3186
3187
3188
3190
3191
3192
3193
3194
3197
3198
3199
3202
3204
3205
3206
3207
3208
3209
3210
3211
3212
3214
3215
3216
3218
3220
3221
3224
3225
3226
3227
3228
3229
3230
3231
3233
3235
3236
3237
3238
3239
3241
3243
3245
3246
3247
3248
3249
3250
3252
3253
3254
3255
3256
3258
3259
3260
3263
3264
3265
3266
3267
3268
3270
3271
3272
3273
3274
3275
3276
3277
3278
3279
3280
3281
3283
3284
3287
3288
3289
3290
3291
3292
3293
3294
3295
3296
3297
3298
3299
3300
3301
3302
3303
3304
3305
3307
3308
3310
3311
3312
3314
3315
3316
3318
3319
3320
3321
3322
3323
3324
3325
3326
3327
3328
3329
3330
3333
3334
3335
3336
3339
3340
3341
3342
3343
3344
3345
3346
3347
3348
3349
3350
3351
3353
3354
3355
3358
3359
3360
3361
3362
3363
3365
3370
3371
3372
3373
3374
3376
3377
3378
3379
3381
3382
3383
3384
3385
3386
3387
3388
3389
3390
3392
3393
3396
3397
3398
3400
3401
3402
3403
3404
3405
3406
3407
3408
3409
3411
3412
3413
3414
3415
3416
3417
3418
3419
3420
3421
3423
3424
3425
3428
3429
3430
3431
3432
3433
3436
3437
3438
3439
3440
3441
3442
3443
3445
3446
3448
3449
3450
3451
3452
3453
3454
3455
3456
3457
3459
3460
3461
3462
3464
3465
3466
3467
3468
3469
3470
3471
3472
3473
3475
3476
3477
3478
3479
3480
3481
3483
3485
3486
3487
3488
3489
3491
3492
3493
3494
3495
3496
3498
3499
3500
3501
3502
3503
3505
3506
3507
3509
3510
3511
3512
3513
3514
3515
3516
3517
3518
3519
3520
3522
3524
3527
3528
3529
3530
3531
3532
3533
3534
3537
3538
3539
3540
3541
3542
3543
3545
3546
3547
3548
3549
3550
3551
3552
3553
3554
3555
3556
3558
3561
3562
3563
3564
3565
3567
3570
3571
3572
3573
3574
3575
3576
3577
3578
3579
3580
3581
3583
3584
3585
3586
3588
3590
3591
3592
3593
3594
3595
3596
3598
3601
3602
3603
3604
3606
3608
3609
3611
3612
3613
3614
3615
3616
3618
3619
3620
3621
3622
3623
3625
3627
3628
3629
3631
3632
3634
3635
3636
3637
3638
3640
3641
3642
3643
3644
3645
3646
3647
3648
3649
3650
3651
3653
3655
3656
3659
3660
3661
3662
3665
3666
3668
3669
3670
3671
3672
3673
3674
3675
3676
3677
3678
3679
3680
3681
3682
3684
3685
3686
3689
3690
3691
3692
3693
3694
3695
3696
3697
3699
3702
3703
3704
3706
3707
3708
3709
3710
3711
3712
3713
3714
3719
3720
3721
3722
3723
3724
3725
3726
3727
3728
3729
3730
3731
3733
3734
3735
3736
3738
3741
3742
3743
3744
3745
3746
3747
3748
3750
3752
3753
3756
3757
3759
3760
3761
3762
3764
3765
3766
3767
3768
3769
3771
3772
3773
3774
3775
3776
3777
3778
3779
3780
3781
3782
3783
3784
3785
3786
3787
3789
3790
3791
3792
3794
3796
3797
3798
3799
3800
3801
3803
3805
3806
3807
3809
3810
3813
3814
3815
3816
3817
3818
3819
3820
3821
3823
3825
3826
3827
3828
3829
3830
3831
3832
3833
3834
3836
3837
3838
3839
3841
3843
3844
3846
3847
3848
3849
3850
3851
3852
3853
3855
3856
3857
3858
3859
3860
3861
3862
3863
3864
3865
3866
3867
3868
3869
3870
3871
3872
3873
3874
3875
3876
3877
3878
3880
3881
3882
3883
3884
3885
3886
3887
3889
3890
3893
3894
3897
3899
3900
3901
3902
3904
3905
3906
3907
3910
3911
3912
3914
3918
3919
3921
3922
3923
3925
3926
3927
3928
3930
3931
3933
3934
3935
3936
3938
3941
3942
3943
3944
3946
3947
3948
3949
3950
3951
3952
3953
3954
3955
3957
3958
3959
3961
3963
3964
3965
3966
3967
3968
3969
3970
3971
3972
3973
3974
3975
3977
3978
3979
3980
3981
3982
3983
3984
3985
3986
3987
3988
3989
3990
3991
3992
3994
3995
3996
3997
3998
3999
4000
4001
4002
4004
4006
4007
4008
4009
4010
4011
4012
4014
4016
4017
4018
4019
4020
4022
4024
4026
4027
4030
4032
4033
4034
4039
4040
4042
4043
4044
4045
4049
4050
4052
4053
4054
4056
4057
4058
4059
4060
4062
4063
4064
4065
4066
4067
4068
4069
4070
4072
4075
4076
4077
4079
4080
4081
4082
4083
4084
4085
4087
4088
4089
4090
4091
4092
4093
4095
4096
4097
4099
4100
4101
4102
4104
4105
4106
4108
4110
4111
4112
4113
4114
4115
4117
4119
4120
4122
4123
4124
4125
4126
4127
4128
4129
4130
4131
4132
4135
4137
4138
4141
4142
4143
4144
4145
4146
4147
4148
4149
4150
4151
4152
4153
4154
4155
4156
4157
4158
4159
4160
4161
4163
4166
4167
4168
4170
4171
4172
4173
4174
4175
4179
4180
4181
4182
4183
4185
4186
4187
4188
4189
4190
4191
4192
4194
4195
4196
4197
4198
4200
4201
4202
4203
4204
4205
4206
4208
4209
4211
4212
4213
4214
4215
4216
4217
4218
4219
4221
4222
4224
4225
4226
4229
4230
4231
4232
4233
4234
4235
4238
4239
4240
4241
4242
4243
4244
4246
4248
4249
4251
4252
4253
4254
4255
4256
4258
4260
4261
4262
4264
4265
4266
4267
4268
4270
4271
4272
4273
4274
4275
4276
4277
4278
4280
4281
4282
4283
4285
4286
4287
4288
4289
4290
4292
4293
4294
4295
4297
4298
4299
4300
4301
4302
4303
4304
4305
4306
4307
4308
4309
4311
4312
4314
4315
4316
4317
4318
4319
4320
4322
4325
4326
4327
4328
4329
4330
4331
4333
4334
4335
4336
4337
4338
4340
4341
4342
4343
4344
4345
4346
4347
4348
4349
4350
4351
4352
4353
4355
4356
4357
4358
4359
4360
4361
4362
4363
4365
4366
4368
4369
4370
4371
4372
4376
4379
4380
4381
4382
4383
4385
4386
4388
4389
4391
4392
4393
4394
4395
4397
4398
4399
4400
4402
4403
4405
4406
4407
4408
4409
4411
4412
4413
4414
4416
4418
4419
4421
4422
4423
4424
4425
4426
4427
4428
4429
4430
4432
4433
4434
4435
4436
4437
4439
4440
4441
4442
4444
4446
4447
4448
4449
4451
4452
4453
4454
4455
4459
4460
4461
4462
4463
4464
4465
4466
4469
4472
4473
4474
4475
4476
4477
4478
4479
4480
4481
4482
4485
4486
4487
4488
4490
4491
4492
4493
4494
4495
4496
4497
4498
4499
4500
4501
4502
4503
4505
4506
4507
4508
4509
4510
4511
4512
4513
4514
4515
4516
4517
4518
4519
4520
4521
4523
4524
4526
4528
4529
4530
4531
4532
4533
4534
4535
4536
4537
4538
4539
4540
4541
4542
4543
4544
4545
4546
4548
4549
4554
4556
4557
4558
4560
4561
4562
4563
4564
4565
4566
4568
4569
4570
4571
4572
4573
4575
4576
4577
4578
4579
4581
4582
4584
4585
4586
4588
4589
4590
4592
4593
4594
4597
4599
4600
4601
4602
4603
4605
4606
4607
4610
4611
4612
4613
4614
4616
4618
4619
4620
4621
4622
4623
4624
4625
4626
4627
4628
4629
4630
4631
4632
4634
4635
4636
4637
4639
4640
4641
4642
4643
4645
4646
4647
4648
4649
4650
4651
4652
4653
4654
4655
4656
4657
4659
4660
4661
4662
4663
4664
4666
4668
4669
4670
4671
4672
4673
4674
4675
4676
4677
4678
4679
4680
4683
4684
4685
4686
4687
4692
4693
4694
4695
4696
4697
4698
4699
4700
4701
4702
4704
4705
4709
4710
4711
4712
4713
4714
4715
4716
4717
4719
4720
4721
4724
4725
4726
4728
4729
4733
4734
4735
4736
4737
4739
4740
4741
4742
4744
4745
4746
4747
4748
4749
4750
4751
4752
4754
4755
4756
4757
4758
4759
4761
4762
4763
4766
4767
4768
4769
4770
4771
4772
4773
4774
4776
4777
4778
4779
4780
4781
4782
4783
4784
4786
4787
4789
4790
4791
4793
4794
4796
4797
4798
4800
4801
4802
4803
4805
4806
4807
4808
4809
4810
4811
4812
4813
4815
4816
4817
4818
4819
4820
4821
4822
4824
4825
4827
4828
4829
4830
4832
4834
4836
4837
4838
4839
4840
4841
4842
4845
4847
4848
4850
4851
4853
4854
4855
4856
4857
4858
4859
4860
4861
4862
4863
4864
4865
4866
4868
4869
4870
4871
4873
4875
4876
4878
4880
4881
4882
4883
4884
4885
4886
4888
4890
4891
4893
4894
4895
4896
4899
4900
4901
4903
4905
4906
4907
4908
4910
4911
4913
4914
4915
4917
4918
4919
4920
4921
4922
4923
4925
4926
4929
4930
4931
4932
4933
4934
4935
4936
4938
4939
4940
4941
4942
4943
4945
4946
4948
4949
4950
4951
4952
4954
4955
4956
4957
4958
4959
4960
4961
4962
4964
4968
4969
4970
4971
4973
4974
4975
4976
4977
4979
4980
4981
4982
4984
4986
4987
4988
4990
4991
4992
4995
4996
4998
4999
5000
5002
5003
5004
5005
5007
5008
5009
5010
5011
5012
5013
5014
5016
5017
5020
5021
5022
5023
5024
5025
5027
5028
5030
5031
5032
5033
5034
5035
5036
5037
5039
5040
5041
5042
5044
5045
5047
5048
5049
5050
5051
5052
5054
5057
5058
5059
5060
5061
5062
5063
5064
5065
5066
5068
5069
5070
5071
5072
5073
5076
5077
5078
5079
5080
5081
5082
5083
5084
5085
5087
5088
5089
5090
5091
5093
5094
5095
5097
5098
5100
5103
5105
5106
5107
5108
5109
5110
5113
5114
5115
5116
5117
5118
5120
5121
5123
5124
5125
5126
5127
5128
5129
5131
5132
5134
5135
5137
5138
5140
5141
5142
5144
5145
5146
5147
5148
5150
5151
5152
5153
5155
5157
5158
5159
5160
5161
5162
5163
5164
5165
5166
5167
5168
5169
5170
5171
5172
5173
5174
5175
5176
5177
5178
5180
5181
5183
5184
5185
5186
5188
5189
5193
5195
5198
5200
5201
5202
5203
5204
5205
5207
5208
5209
5210
5211
5213
5214
5215
5216
5217
5218
5220
5224
5225
5226
5227
5228
5229
5230
5231
5233
5234
5235
5236
5237
5239
5240
5242
5243
5244
5247
5249
5250
5251
5252
5253
5254
5255
5256
5257
5259
5260
5261
5262
5263
5264
5265
5266
5267
5268
5270
5272
5273
5275
5276
5277
5278
5279
5280
5283
5284
5285
5287
5289
5290
5291
5293
5294
5295
5296
5297
5298
5299
5300
5301
5303
5304
5306
5307
5308
5309
5311
5312
5313
5314
5315
5316
5317
5319
5320
5321
5322
5323
5324
5325
5326
5329
5330
5331
5332
5333
5334
5336
5337
5339
5341
5343
5344
5345
5349
5351
5352
5354
5355
5356
5357
5359
5360
5361
5362
5363
5364
5365
5366
5368
5370
5371
5372
5373
5374
5375
5376
5377
5378
5379
5381
5382
5383
5384
5385
5386
5387
5388
5389
5390
5391
5392
5393
5395
5396
5397
5398
5401
5402
5403
5404
5405
5406
5407
5408
5409
5411
5412
5414
5415
5416
5418
5420
5422
5423
5424
5426
5428
5429
5430
5431
5432
5435
5436
5437
5438
5439
5440
5441
5443
5444
5445
5446
5447
5448
5449
5450
5451
5452
5453
5454
5456
5457
5459
5460
5462
5463
5464
5465
5466
5467
5469
5471
5472
5473
5474
5476
5477
5480
5481
5482
5484
5487
5488
5490
5491
5492
5493
5494
5495
5497
5498
5499
5501
5503
5505
5507
5508
5509
5511
5512
5513
5514
5516
5517
5519
5521
5522
5523
5524
5525
5526
5527
5528
5530
5531
5532
5533
5534
5536
5537
5538
5539
5540
5542
5544
5545
5546
5547
5548
5549
5550
5551
5552
5553
5554
5556
5557
5558
5559
5560
5563
5565
5567
5568
5569
5571
5572
5573
5576
5577
5578
5579
5581
5582
5583
5584
5586
5587
5588
5589
5590
5591
5592
5593
5594
5595
5597
5598
5600
5601
5602
5604
5605
5608
5611
5612
5614
5615
5616
5617
5618
5619
5620
5621
5622
5623
5625
5626
5627
5628
5629
5630
5631
5632
5633
5634
5636
5639
5640
5641
5642
5643
5644
5645
5646
5647
5648
5649
5650
5651
5652
5653
5654
5655
5656
5658
5659
5660
5661
5662
5663
5664
5665
5666
5668
5669
5670
5672
5673
5674
5675
5676
5677
5679
5680
5683
5684
5685
5686
5687
5688
5690
5692
5693
5694
5695
5696
5697
5698
5700
5701
5702
5703
5704
5705
5706
5707
5711
5712
5713
5714
5715
5717
5718
5719
5720
5723
5726
5727
5728
5729
5730
5731
5732
5734
5735
5736
5737
5738
5739
5740
5741
5742
5744
5747
5748
5749
5750
5751
5752
5753
5754
5756
5757
5758
5759
5760
5761
5762
5763
5764
5765
5766
5767
5768
5769
5770
5771
5773
5774
5775
5777
5778
5779
5780
5782
5783
5784
5786
5788
5789
5793
5795
5796
5797
5798
5800
5801
5802
5803
5804
5805
5807
5808
5809
5810
5812
5813
5814
5816
5819
5820
5821
5822
5823
5824
5826
5827
5828
5829
5830
5831
5832
5833
5835
5836
5837
5838
5839
5840
5842
5844
5845
5846
5848
5851
5853
5854
5856
5857
5858
5859
5860
5862
5864
5865
5866
5867
5869
5870
5871
5872
5873
5874
5875
5876
5877
5878
5879
5880
5881
5882
5883
5885
5886
5887
5888
5889
5890
5891
5893
5894
5897
5898
5899
5900
5902
5904
5905
5906
5908
5909
5911
5913
5915
5917
5918
5919
5920
5921
5923
5924
5925
5926
5928
5929
5930
5931
5932
5933
5934
5935
5937
5938
5939
5941
5942
5943
5944
5945
5947
5948
5949
5950
5951
5953
5954
5955
5956
5957
5958
5959
5960
5964
5966
5967
5968
5969
5970
5971
5973
5974
5977
5978
5979
5980
5981
5982
5983
5984
5985
5987
5988
5989
5990
5991
5992
5993
5994
5995
5996
5997
5998
5999
6000
6001
6002
6004
6005
6006
6008
6009
6012
6013
6014
6015
6016
6017
6018
6019
6021
6023
6024
6025
6027
6028
6030
6031
6032
6034
6036
6037
6038
6039
6041
6042
6043
6044
6048
6051
6052
6053
6054
6055
6056
6057
6059
6060
6061
6062
6064
6066
6067
6068
6069
6070
6071
6072
6073
6074
6075
6076
6078
6079
6080
6081
6082
6083
6085
6086
6088
6090
6091
6093
6094
6095
6096
6097
6098
6099
6100
6101
6102
6103
6104
6105
6107
6108
6109
6110
6112
6113
6114
6117
6118
6119
6122
6123
6124
6125
6128
6130
6131
6133
6134
6135
6137
6139
6140
6141
6142
6143
6144
6145
6149
6150
6152
6153
6154
6155
6156
6157
6158
6159
6160
6161
6162
6163
6166
6167
6168
6169
6170
6171
6172
6173
6176
6177
6179
6181
6182
6183
6186
6187
6188
6189
6190
6191
6193
6195
6196
6199
6201
6203
6205
6206
6207
6208
6210
6211
6212
6213
6215
6216
6218
6219
6220
6224
6225
6227
6228
6229
6230
6231
6232
6233
6236
6237
6238
6241
6244
6246
6247
6249
6250
6252
6253
6254
6255
6257
6258
6259
6260
6261
6262
6264
6265
6266
6268
6269
6270
6271
6272
6273
6274
6275
6276
6278
6279
6280
6281
6283
6284
6285
6286
6287
6288
6289
6290
6292
6293
6294
6295
6296
6297
6298
6299
6300
6301
6302
6303
6304
6305
6306
6307
6308
6309
6310
6311
6313
6314
6315
6316
6318
6319
6320
6321
6322
6324
6325
6327
6329
6330
6332
6334
6335
6336
6338
6339
6340
6341
6342
6343
6345
6348
6351
6352
6353
6354
6355
6356
6357
6359
6360
6361
6362
6363
6364
6365
6366
6367
6369
6371
6374
6375
6377
6381
6382
6383
6386
6389
6391
6392
6393
6395
6397
6398
6399
6400
6401
6403
6404
6405
6406
6407
6409
6410
6411
6412
6414
6415
6416
6417
6418
6419
6420
6421
6423
6424
6425
6427
6428
6430
6432
6433
6434
6435
6436
6437
6438
6439
6440
6441
6442
6443
6444
6446
6447
6449
6450
6451
6452
6454
6455
6456
6457
6458
6459
6460
6461
6462
6463
6464
6467
6468
6469
6470
6472
6474
6477
6478
6479
6480
6481
6482
6483
6484
6485
6487
6489
6490
6491
6492
6493
6494
6495
6496
6500
6502
6505
6507
6508
6509
6510
6511
6512
6514
6516
6517
6518
6519
6521
6522
6523
6525
6526
6530
6531
6532
6534
6536
6537
6538
6539
6540
6541
6543
6544
6545
6546
6547
6548
6551
6552
6554
6555
6556
6557
6558
6559
6560
6562
6563
6564
6565
6567
6568
6569
6570
6571
6572
6573
6574
6577
6578
6579
6581
6582
6583
6584
6585
6586
6587
6588
6589
6590
6592
6593
6594
6598
6599
6602
6604
6605
6606
6607
6609
6610
6611
6613
6614
6616
6617
6618
6619
6620
6621
6622
6625
6626
6627
6628
6629
6630
6631
6632
6633
6634
6635
6636
6638
6639
6640
6641
6643
6645
6648
6649
6650
6651
6652
6653
6654
6655
6656
6657
6659
6660
6661
6662
6663
6664
6665
6666
6667
6668
6669
6670
6671
6673
6674
6675
6676
6677
6678
6679
6680
6683
6685
6686
6687
6688
6689
6690
6691
6692
6693
6694
6695
6696
6698
6699
6701
6702
6704
6706
6707
6708
6710
6711
6712
6714
6715
6716
6718
6719
6720
6721
6722
6723
6725
6727
6728
6729
6730
6732
6733
6734
6735
6737
6738
6739
6741
6743
6745
6746
6748
6749
6750
6751
6752
6753
6754
6755
6757
6758
6759
6761
6763
6764
6765
6768
6769
6770
6771
6772
6773
6774
6777
6778
6779
6780
6781
6783
6784
6785
6787
6788
6790
6791
6792
6794
6795
6796
6797
6798
6799
6800
6802
6803
6804
6805
6806
6807
6808
6809
6811
6812
6813
6814
6815
6816
6817
6819
6820
6821
6822
6823
6824
6827
6828
6829
6830
6831
6832
6833
6834
6835
6836
6837
6838
6840
6841
6842
6843
6846
6847
6848
6849
6850
6851
6852
6853
6854
6855
6856
6857
6858
6859
6860
6861
6863
6865
6866
6867
6868
6869
6870
6871
6872
6873
6874
6875
6876
6877
6878
6879
6880
6881
6882
6883
6884
6885
6886
6887
6888
6889
6891
6892
6893
6894
6895
6896
6897
6899
6900
6901
6902
6903
6904
6905
6906
6907
6908
6909
6910
6911
6912
6913
6914
6915
6916
6918
6919
6920
6921
6922
6923
6924
6926
6927
6929
6930
6931
6932
6934
6935
6936
6937
6938
6939
6941
6942
6943
6944
6945
6947
6949
6950
6951
6953
6954
6955
6956
6957
6958
6961
6962
6963
6965
6966
6967
6968
6970
6971
6973
6974
6975
6977
6978
6979
6982
6983
6985
6986
6988
6989
6990
6991
6995
6997
6998
6999
7000
7001
7002
7003
7004
7005
7006
7008
7009
7010
7011
7012
7013
7014
7015
7016
7017
7019
7021
7022
7023
7024
7025
7029
7030
7031
7032
7033
7034
7035
7036
7039
7040
7041
7042
7043
7044
7047
7048
7049
7051
7052
7054
7055
7056
7057
7059
7060
7061
7062
7063
7064
7066
7069
7070
7071
7072
7073
7075
7076
7077
7079
7080
7081
7082
7083
7084
7085
7087
7088
7089
7090
7091
7094
7097
7098
7099
7100
7101
7102
7103
7104
7105
7106
7107
7108
7109
7111
7112
7113
7114
7115
7117
7118
7120
7121
7122
7125
7126
7127
7129
7130
7132
7134
7135
7136
7137
7138
7139
7140
7141
7142
7143
7144
7145
7146
7149
7150
7152
7153
7155
7156
7157
7158
7159
7160
7161
7162
7163
7164
7165
7166
7168
7169
7170
7171
7172
7174
7176
7177
7178
7179
7181
7182
7184
7185
7186
7188
7190
7191
7192
7195
7196
7197
7198
7200
7201
7204
7205
7206
7208
7210
7211
7212
7213
7214
7215
7217
7220
7222
7223
7224
7225
7226
7227
7228
7229
7230
7231
7233
7236
7237
7238
7239
7241
7242
7243
7244
7245
7246
7247
7249
7250
7251
7252
7253
7255
7258
7259
7260
7261
7262
7263
7265
7266
7267
7268
7269
7271
7272
7273
7275
7276
7277
7278
7279
7280
7281
7284
7286
7287
7288
7291
7292
7294
7295
7296
7297
7299
7300
7302
7303
7304
7305
7306
7308
7310
7311
7314
7315
7317
7318
7319
7320
7322
7323
7324
7325
7326
7327
7328
7329
7330
7331
7334
7335
7336
7339
7340
7341
7342
7343
7344
7345
7347
7348
7349
7350
7352
7354
7355
7357
7359
7360
7362
7363
7364
7365
7366
7367
7368
7371
7372
7373
7375
7378
7380
7381
7383
7384
7385
7386
7387
7389
7390
7393
7394
7395
7396
7397
7398
7399
7400
7401
7402
7403
7405
7407
7408
7410
7411
7412
7413
7414
7415
7416
7418
7419
7422
7423
7424
7425
7426
7427
7428
7429
7431
7433
7436
7438
7441
7442
7443
7445
7446
7447
7448
7450
7451
7452
7453
7454
7458
7459
7461
7462
7463
7464
7465
7468
7469
7470
7471
7472
7473
7474
7475
7479
7480
7481
7482
7483
7484
7487
7489
7490
7491
7492
7493
7494
7495
7497
7498
7499
7500
7501
7503
7504
7505
7506
7507
7508
7509
7510
7511
7512
7516
7517
7521
7522
7523
7526
7528
7529
7530
7531
7532
7534
7535
7536
7537
7538
7539
7540
7541
7543
7544
7545
7546
7547
7548
7549
7551
7552
7555
7556
7558
7560
7561
7562
7563
7564
7565
7566
7567
7568
7569
7570
7571
7573
7577
7578
7579
7581
7582
7583
7584
7586
7588
7589
7590
7591
7592
7593
7594
7595
7598
7600
7601
7602
7604
7606
7608
7610
7611
7612
7613
7615
7616
7617
7618
7619
7620
7621
7622
7625
7626
7630
7631
7632
7633
7634
7635
7636
7637
7639
7640
7641
7643
7644
7645
7646
7648
7649
7651
7652
7653
7654
7655
7656
7657
7658
7659
7660
7661
7662
7665
7666
7667
7669
7670
7671
7672
7673
7674
7675
7676
7677
7678
7680
7681
7684
7686
7687
7688
7689
7690
7691
7692
7694
7695
7697
7698
7699
7701
7702
7703
7704
7705
7706
7707
7709
7710
7711
7712
7713
7715
7716
7717
7718
7719
7722
7723
7725
7728
7729
7730
7731
7732
7733
7734
7735
7736
7737
7738
7739
7740
7741
7742
7743
7744
7746
7747
7748
7749
7751
7752
7753
7756
7757
7759
7761
7762
7763
7767
7768
7769
7770
7771
7772
7773
7775
7776
7777
7779
7780
7782
7783
7784
7785
7786
7787
7788
7790
7791
7792
7793
7795
7797
7798
7800
7801
7803
7804
7805
7806
7807
7810
7811
7812
7813
7814
7815
7816
7818
7819
7820
7821
7822
7823
7824
7825
7826
7828
7829
7830
7832
7833
7834
7835
7836
7840
7841
7842
7843
7844
7846
7847
7848
7849
7850
7852
7853
7855
7856
7857
7859
7860
7861
7862
7863
7864
7865
7867
7868
7869
7870
7871
7873
7874
7875
7876
7878
7880
7881
7882
7883
7884
7885
7886
7887
7888
7890
7892
7894
7896
7897
7898
7900
7901
7902
7903
7904
7905
7906
7907
7908
7909
7910
7911
7914
7915
7916
7917
7919
7922
7923
7924
7926
7927
7928
7929
7930
7932
7933
7934
7935
7936
7937
7938
7939
7940
7942
7943
7944
7945
7946
7947
7948
7949
7950
7951
7952
7954
7955
7957
7958
7959
7960
7961
7962
7963
7965
7967
7968
7970
7971
7972
7973
7975
7976
7977
7978
7979
7980
7981
7982
7983
7984
7985
7987
7989
7990
7991
7992
7993
7994
7995
7996
7997
7998
8000
8001
8005
8006
8007
8009
8010
8011
8014
8015
8017
8018
8019
8020
8022
8023
8024
8025
8026
8027
8028
8029
8032
8034
8036
8037
8039
8040
8041
8043
8045
8047
8049
8050
8051
8052
8053
8054
8056
8058
8059
8061
8062
8063
8065
8066
8067
8069
8071
8072
8073
8074
8075
8076
8077
8079
8080
8081
8082
8083
8084
8085
8086
8087
8088
8089
8090
8092
8093
8094
8095
8097
8098
8099
8100
8101
8103
8106
8107
8108
8110
8113
8115
8116
8118
8120
8121
8122
8123
8124
8125
8127
8129
8130
8131
8132
8133
8134
8135
8137
8138
8140
8142
8143
8144
8145
8146
8147
8148
8149
8150
8151
8153
8154
8155
8156
8157
8158
8159
8160
8161
8162
8163
8164
8165
8166
8167
8168
8169
8171
8172
8174
8175
8177
8178
8179
8181
8182
8183
8184
8185
8186
8187
8188
8191
8192
8193
8194
8195
8197
8199
8200
8201
8202
8203
8204
8205
8206
8208
8209
8210
8211
8212
8213
8214
8215
8217
8218
8221
8222
8223
8224
8225
8226
8227
8229
8231
8233
8235
8236
8238
8239
8240
8242
8243
8244
8245
8247
8248
8249
8250
8251
8253
8254
8256
8258
8259
8260
8264
8266
8268
8270
8272
8273
8274
8276
8277
8278
8280
8281
8282
8283
8285
8286
8287
8288
8290
8291
8292
8293
8294
8295
8296
8297
8299
8300
8301
8302
8303
8304
8305
8307
8309
8310
8311
8313
8314
8315
8316
8317
8318
8321
8322
8323
8324
8325
8326
8327
8329
8331
8332
8333
8335
8337
8338
8339
8341
8342
8343
8344
8345
8346
8347
8348
8349
8350
8351
8352
8353
8354
8355
8356
8357
8358
8360
8362
8363
8365
8366
8368
8369
8370
8372
8373
8374
8375
8376
8377
8378
8379
8381
8383
8384
8385
8386
8387
8388
8389
8390
8392
8393
8394
8395
8396
8397
8398
8403
8404
8405
8409
8410
8411
8413
8414
8415
8416
8418
8419
8420
8422
8423
8424
8427
8428
8429
8431
8432
8433
8434
8435
8436
8438
8440
8441
8442
8443
8444
8446
8447
8448
8449
8450
8452
8453
8454
8455
8458
8461
8462
8465
8466
8467
8468
8469
8470
8471
8472
8474
8476
8477
8478
8480
8481
8482
8484
8485
8486
8487
8488
8489
8490
8492
8494
8495
8496
8498
8499
8500
8501
8503
8504
8505
8508
8509
8511
8512
8513
8514
8515
8517
8519
8521
8522
8523
8524
8525
8526
8527
8528
8531
8532
8533
8534
8535
8537
8538
8540
8541
8542
8544
8546
8547
8548
8550
8551
8553
8555
8556
8557
8558
8560
8561
8562
8563
8564
8565
8566
8568
8569
8571
8572
8573
8574
8575
8576
8577
8579
8581
8582
8583
8584
8585
8586
8587
8592
8593
8594
8595
8596
8597
8598
8600
8601
8603
8604
8606
8607
8608
8609
8610
8611
8612
8613
8614
8617
8618
8619
8620
8621
8622
8624
8625
8626
8628
8630
8631
8632
8635
8637
8639
8640
8641
8642
8643
8644
8645
8646
8647
8648
8651
8652
8653
8654
8655
8656
8657
8658
8659
8662
8666
8668
8671
8672
8675
8676
8677
8678
8679
8681
8682
8683
8684
8686
8688
8690
8691
8692
8695
8697
8698
8699
8700
8701
8703
8704
8705
8706
8707
8708
8709
8711
8712
8714
8715
8716
8717
8718
8719
8720
8721
8722
8723
8724
8725
8726
8728
8730
8732
8733
8734
8735
8736
8737
8738
8739
8741
8743
8745
8746
8747
8749
8753
8754
8756
8758
8759
8760
8761
8762
8764
8765
8767
8768
8769
8771
8772
8773
8774
8775
8776
8777
8778
8780
8781
8782
8783
8784
8785
8786
8787
8788
8791
8794
8795
8796
8797
8798
8800
8802
8803
8804
8805
8806
8807
8809
8810
8811
8812
8813
8814
8815
8816
8817
8818
8819
8820
8822
8824
8825
8826
8827
8828
8829
8830
8831
8833
8834
8835
8837
8838
8839
8840
8841
8842
8844
8845
8847
8848
8849
8851
8852
8853
8854
8855
8856
8857
8859
8860
8861
8862
8863
8864
8865
8866
8867
8868
8869
8870
8872
8873
8874
8877
8878
8879
8880
8881
8882
8883
8884
8885
8886
8887
8889
8890
8891
8893
8894
8896
8897
8898
8901
8902
8903
8904
8905
8906
8908
8909
8911
8913
8914
8915
8916
8918
8921
8922
8923
8924
8925
8926
8927
8928
8931
8932
8934
8936
8938
8939
8940
8941
8942
8943
8944
8945
8946
8948
8949
8950
8951
8952
8953
8954
8955
8958
8960
8962
8964
8965
8966
8967
8969
8972
8973
8976
8977
8978
8979
8980
8981
8982
8984
8985
8986
8987
8988
8989
8992
8993
8995
8996
8997
8998
8999
9000
9002
9003
9004
9005
9006
9007
9008
9009
9010
9011
9012
9013
9015
9017
9018
9019
9020
9021
9022
9023
9024
9025
9026
9027
9028
9030
9031
9033
9034
9035
9036
9037
9038
9040
9041
9042
9043
9044
9045
9047
9048
9049
9050
9052
9055
9056
9057
9060
9061
9063
9064
9065
9067
9068
9071
9073
9074
9075
9076
9077
9079
9082
9084
9085
9086
9087
9088
9089
9091
9092
9094
9095
9096
9097
9098
9100
9101
9102
9103
9105
9106
9108
9110
9111
9113
9114
9116
9118
9119
9120
9121
9122
9123
9124
9125
9126
9127
9128
9129
9131
9136
9138
9140
9141
9142
9143
9144
9146
9147
9148
9149
9150
9151
9152
9154
9155
9156
9157
9158
9160
9161
9162
9163
9164
9167
9168
9169
9171
9172
9173
9174
9175
9177
9181
9184
9187
9188
9189
9190
9191
9192
9193
9194
9195
9196
9198
9199
9201
9202
9204
9205
9206
9207
9208
9210
9211
9212
9213
9214
9215
9217
9218
9219
9220
9222
9223
9224
9226
9227
9228
9229
9230
9231
9233
9234
9235
9236
9237
9238
9241
9242
9243
9244
9245
9247
9250
9252
9253
9254
9255
9256
9257
9258
9259
9260
9261
9262
9263
9264
9265
9267
9268
9269
9270
9271
9272
9273
9275
9277
9278
9279
9280
9281
9283
9284
9285
9286
9287
9288
9289
9292
9294
9295
9296
9297
9298
9299
9300
9301
9302
9305
9306
9307
9310
9311
9313
9315
9316
9318
9319
9321
9322
9323
9324
9325
9326
9328
9329
9330
9332
9334
9335
9336
9338
9339
9340
9343
9344
9345
9346
9350
9351
9352
9353
9354
9355
9356
9357
9359
9360
9362
9363
9364
9366
9367
9368
9369
9371
9373
9374
9375
9376
9378
9380
9382
9386
9388
9389
9390
9392
9394
9398
9399
9400
9401
9403
9404
9405
9406
9407
9408
9409
9410
9411
9412
9414
9416
9417
9418
9420
9421
9422
9425
9426
9427
9428
9429
9430
9431
9432
9433
9434
9435
9437
9438
9440
9441
9442
9443
9444
9445
9446
9448
9449
9450
9452
9454
9455
9456
9457
9458
9459
9460
9461
9462
9463
9465
9466
9467
9469
9470
9472
9474
9476
9477
9478
9479
9480
9481
9482
9483
9484
9485
9486
9487
9488
9489
9492
9495
9496
9497
9498
9499
9500
9502
9505
9506
9507
9508
9510
9512
9513
9514
9516
9517
9518
9519
9520
9521
9522
9523
9524
9525
9526
9527
9528
9529
9530
9531
9532
9534
9536
9537
9538
9539
9540
9542
9543
9544
9545
9546
9549
9550
9551
9552
9554
9557
9558
9560
9561
9562
9564
9565
9566
9569
9570
9571
9573
9574
9575
9578
9579
9581
9582
9583
9584
9585
9586
9587
9588
9589
9592
9593
9594
9596
9597
9599
9600
9601
9602
9603
9604
9606
9607
9608
9609
9610
9611
9613
9614
9616
9618
9620
9623
9624
9625
9626
9628
9630
9631
9632
9635
9636
9637
9638
9639
9640
9641
9642
9643
9644
9645
9646
9647
9648
9650
9652
9653
9655
9656
9657
9658
9659
9661
9664
9665
9666
9672
9673
9674
9675
9676
9677
9680
9681
9682
9683
9684
9685
9686
9690
9691
9692
9693
9694
9695
9696
9702
9704
9705
9706
9707
9708
9710
9711
9712
9713
9714
9716
9717
9720
9721
9723
9724
9725
9726
9727
9728
9729
9730
9731
9732
9733
9734
9735
9736
9739
9740
9741
9742
9743
9745
9746
9747
9748
9751
9752
9753
9754
9755
9756
9757
9758
9759
9760
9761
9762
9764
9765
9766
9769
9770
9772
9774
9775
9776
9777
9781
9782
9783
9784
9785
9786
9787
9788
9789
9790
9791
9794
9796
9798
9799
9801
9802
9804
9805
9806
9807
9808
9809
9810
9811
9813
9814
9815
9816
9817
9818
9819
9820
9821
9823
9825
9826
9827
9829
9831
9832
9834
9836
9837
9838
9839
9840
9842
9843
9846
9848
9849
9850
9851
9853
9854
9855
9856
9857
9860
9861
9863
9866
9867
9870
9871
9872
9873
9875
9876
9877
9878
9879
9880
9881
9882
9883
9884
9885
9886
9887
9888
9889
9891
9892
9893
9895
9896
9897
9900
9902
9903
9904
9905
9907
9908
9909
9911
9912
9913
9916
9917
9918
9919
9921
9922
9923
9924
9925
9927
9928
9929
9930
9931
9932
9933
9934
9936
9937
9938
9939
9940
9941
9942
9943
9944
9945
9946
9947
9949
9950
9951
9952
9953
9954
9955
9956
9957
9958
9959
9960
9961
9962
9963
9966
9967
9968
9971
9972
9973
9974
9975
9978
9979
9983
9984
9985
9986
9987
9988
9989
9991
9993
9995
9996
9997
9998
9999
10001
10002
10003
10004
10005
10007
10008
10009
10011
10012
10013
10014
10016
10017
10018
10019
10020
10021
10022
10024
10025
10026
10027
10028
10029
10030
10032
10033
10034
10035
10036
10037
10038
10040
10041
10042
10044
10045
10046
10048
10049
10050
10051
10052
10053
10054
10055
10056
10057
10058
10060
10063
10064
10066
10067
10068
10069
10071
10072
10073
10074
10076
10077
10078
10080
10081
10082
10083
10084
10085
10086
10087
10088
10089
10090
10092
10093
10094
10095
10096
10097
10098
10099
10100
10102
10103
10104
10106
10107
10108
10110
10111
10112
10113
10114
10115
10116
10117
10120
10121
10122
10123
10124
10126
10127
10128
10129
10130
10131
10132
10134
10135
10136
10137
10138
10139
10140
10141
10143
10144
10145
10146
10147
10149
10150
10151
10152
10153
10154
10155
10156
10157
10159
10160
10161
10162
10163
10164
10165
10166
10168
10169
10170
10171
10172
10173
10174
10176
10178
10179
10180
10181
10182
10183
10184
10185
10186
10188
10189
10190
10191
10192
10193
10194
10195
10196
10198
10199
10201
10202
10203
10204
10206
10207
10208
10209
10210
10211
10212
10213
10215
10216
10217
10218
10220
10221
10222
10223
10224
10225
10226
10228
10231
10232
10233
10234
10235
10236
10237
10238
10239
10240
10241
10242
10243
10244
10245
10247
10248
10249
10250
10253
10254
10255
10256
10257
10258
10259
10261
10262
10263
10264
10265
10266
10267
10268
10269
10270
10271
10272
10273
10275
10277
10278
10279
10280
10281
10282
10283
10284
10285
10287
10291
10292
10293
10294
10295
10297
10299
10300
10302
10304
10307
10309
10310
10311
10312
10313
10314
10315
10316
10317
10318
10319
10320
10321
10322
10323
10324
10325
10326
10327
10328
10329
10330
10331
10332
10333
10334
10336
10337
10338
10342
10344
10345
10346
10347
10348
10349
10350
10351
10352
10353
10354
10355
10356
10357
10358
10359
10360
10361
10362
10363
10364
10365
10366
10367
10368
10369
10370
10371
10372
10373
10374
10375
10376
10377
10378
10380
10381
10382
10383
10385
10386
10387
10389
10390
10391
10392
10394
10396
10397
10398
10399
10400
10401
10403
10405
10407
10409
10410
10411
10412
10413
10414
10415
10416
10417
10419
10420
10421
10422
10423
10424
10425
10426
10427
10428
10430
10431
10433
10435
10436
10437
10438
10439
10440
10441
10442
10443
10444
10445
10447
10448
10450
10453
10454
10455
10456
10458
10459
10460
10461
10462
10463
10464
10465
10466
10467
10468
10469
10471
10474
10476
10480
10481
10482
10483
10484
10487
10488
10489
10493
10494
10495
10496
10497
10498
10499
10500
10501
10502
10503
10504
10505
10506
10507
10508
10509
10510
10511
10512
10513
10514
10515
10516
10518
10520
10521
10522
10523
10524
10525
10527
10529
10530
10531
10533
10534
10535
10536
10537
10538
10539
10540
10541
10542
10543
10544
10545
10546
10548
10549
10550
10551
10552
10553
10554
10555
10556
10557
10558
10559
10561
10562
10563
10564
10566
10567
10569
10570
10571
10572
10574
10575
10576
10578
10579
10580
10581
10582
10583
10584
10585
10586
10589
10590
10591
10592
10593
10596
10597
10598
10599
10600
10601
10602
10603
10604
10605
10606
10608
10609
10610
10611
10614
10616
10617
10619
10620
10621
10622
10623
10624
10626
10627
10628
10629
10631
10632
10634
10635
10636
10638
10639
10640
10641
10642
10643
10644
10645
10646
10647
10648
10649
10650
10651
10652
10653
10656
10657
10658
10659
10660
10661
10662
10663
10664
10665
10666
10667
10668
10670
10671
10672
10673
10674
10676
10677
10678
10679
10680
10682
10683
10684
10685
10686
10687
10688
10689
10690
10691
10692
10693
10696
10698
10699
10700
10701
10702
10704
10705
10706
10707
10708
10709
10710
10711
10712
10713
10714
10715
10716
10717
10718
10719
10720
10721
10722
10723
10724
10725
10726
10727
10728
10729
10730
10731
10732
10733
10735
10736
10737
10738
10739
10740
10741
10742
10743
10744
10746
10747
10748
10749
10750
10755
10756
10757
10758
10759
10760
10761
10762
10764
10765
10766
10767
10768
10770
10771
10773
10774
10775
10776
10777
10778
10779
10780
10782
10783
10784
10785
10786
10787
10791
10792
10793
10795
10796
10797
10798
10800
10802
10803
10804
10805
10806
10807
10808
10809
10810
10811
10812
10813
10814
10817
10818
10819
10821
10822
10823
10824
10825
10826
10827
10828
10829
10830
10831
10833
10834
10835
10836
10837
10838
10839
10840
10841
10842
10843
10845
10847
10848
10849
10851
10854
10856
10857
10858
10859
10860
10861
10862
10863
10865
10866
10869
10870
10872
10874
10875
10876
10877
10879
10880
10881
10882
10883
10884
10885
10887
10889
10890
10893
10895
10896
10897
10899
10900
10901
10902
10903
10906
10907
10908
10909
10910
10911
10914
10915
10916
10917
10919
10920
10922
10923
10924
10925
10926
10927
10928
10932
10933
10934
10935
10937
10938
10939
10940
10941
10942
10943
10944
10945
10946
10948
10949
10950
10951
10952
10954
10955
10956
10957
10960
10961
10962
10963
10964
10965
10966
10967
10968
10970
10973
10974
10975
10976
10978
10980
10981
10982
10983
10984
10986
10987
10988
10989
10990
10992
10993
10994
10995
10997
10999
11000
11001
11002
11003
11004
11005
11006
11007
11009
11010
11011
11013
11014
11015
11017
11018
11019
11020
11021
11022
11025
11026
11027
11030
11031
11032
11033
11034
11036
11037
11038
11039
11040
11041
11042
11044
11046
11050
11052
11053
11054
11055
11057
11058
11059
11060
11061
11062
11064
11065
11066
11067
11071
11073
11074
11075
11076
11077
11079
11080
11081
11082
11083
11084
11085
11086
11089
11090
11091
11092
11093
11094
11095
11096
11097
11098
11099
11100
11101
11102
11103
11104
11105
11106
11107
11109
11110
11111
11113
11115
11117
11118
11120
11121
11122
11123
11124
11125
11126
11127
11128
11131
11133
11134
11135
11136
11138
11139
11141
11142
11143
11145
11148
11149
11150
11152
11153
11154
11155
11157
11158
11159
11160
11161
11162
11165
11166
11167
11168
11169
11170
11171
11173
11174
11175
11176
11177
11178
11179
11180
11182
11184
11185
11186
11187
11189
11190
11191
11193
11194
11195
11196
11197
11198
11200
11201
11203
11204
11205
11206
11207
11208
11209
11210
11211
11213
11214
11215
11216
11218
11219
11220
11221
11222
11224
11225
11226
11227
11228
11229
11230
11231
11232
11233
11234
11235
11236
11237
11239
11240
11241
11243
11244
11246
11247
11248
11251
11253
11256
11257
11259
11260
11261
11262
11263
11266
11267
11268
11269
11270
11271
11272
11273
11274
11275
11276
11277
11278
11281
11282
11283
11284
11285
11286
11287
11289
11290
11291
11292
11293
11294
11295
11296
11297
11298
11299
11301
11302
11303
11304
11306
11307
11308
11309
11311
11312
11313
11314
11316
11317
11318
11319
11320
11322
11323
11324
11325
11326
11327
11328
11329
11330
11331
11332
11333
11334
11335
11336
11337
11338
11339
11340
11342
11344
11345
11346
11347
11348
11349
11350
11351
11352
11353
11354
11356
11357
11358
11359
11360
11361
11363
11364
11365
11366
11367
11368
11369
11370
11371
11372
11373
11374
11375
11376
11377
11378
11382
11384
11385
11386
11387
11388
11389
11390
11391
11392
11393
11394
11395
11396
11397
11399
11400
11401
11402
11403
11404
11405
11408
11410
11411
11412
11414
11415
11417
11418
11419
11420
11421
11422
11423
11424
11425
11426
11427
11428
11429
11430
11431
11432
11435
11438
11440
11441
11442
11445
11446
11447
11448
11450
11451
11453
11454
11455
11456
11457
11458
11459
11460
11461
11462
11463
11465
11466
11468
11469
11470
11471
11472
11473
11474
11475
11477
11478
11479
11480
11481
11482
11483
11484
11485
11486
11487
11488
11489
11490
11491
11492
11494
11495
11497
11499
11500
11501
11502
11503
11504
11506
11508
11509
11510
11511
11512
11513
11514
11515
11516
11517
11518
11519
11520
11521
11522
11523
11525
11526
11527
11528
11529
11532
11533
11534
11535
11536
11538
11540
11541
11543
11544
11545
11547
11548
11550
11551
11552
11553
11556
11557
11559
11561
11562
11565
11566
11567
11568
11570
11571
11572
11573
11574
11577
11578
11579
11580
11581
11583
11584
11585
11586
11587
11588
11589
11590
11591
11592
11593
11594
11595
11596
11597
11599
11600
11601
11602
11603
11604
11606
11607
11608
11609
11610
11611
11612
11615
11616
11617
11618
11619
11620
11621
11622
11625
11626
11627
11629
11631
11632
11633
11634
11635
11636
11637
11639
11641
11642
11643
11645
11646
11647
11648
11649
11650
11651
11652
11653
11654
11656
11657
11661
11662
11663
11664
11665
11666
11668
11669
11671
11672
11673
11675
11677
11678
11683
11684
11686
11691
11692
11693
11694
11695
11696
11697
11698
11699
11700
11701
11702
11703
11704
11705
11706
11708
11709
11710
11712
11713
11715
11716
11717
11718
11719
11721
11722
11723
11724
11725
11726
11727
11729
11730
11731
11732
11733
11735
11736
11737
11738
11739
11740
11741
11742
11743
11744
11745
11747
11748
11749
11750
11751
11752
11754
11755
11756
11757
11758
11759
11760
11761
11762
11763
11764
11766
11767
11768
11769
11770
11771
11773
11774
11776
11777
11778
11779
11780
11781
11782
11783
11784
11785
11786
11787
11788
11789
11791
11794
11799
11801
11802
11804
11805
11806
11808
11809
11810
11811
11812
11814
11815
11816
11817
11818
11819
11820
11821
11822
11823
11824
11825
11826
11827
11830
11831
11832
11833
11835
11836
11837
11838
11839
11841
11843
11844
11845
11846
11847
11848
11849
11850
11851
11852
11854
11855
11856
11857
11858
11859
11860
11861
11862
11864
11866
11867
11868
11869
11870
11871
11872
11873
11874
11875
11876
11878
11879
11880
11881
11882
11883
11884
11885
11886
11887
11888
11889
11890
11891
11892
11894
11895
11896
11897
11899
11901
11902
11904
11905
11906
11908
11909
11914
11915
11916
11918
11919
11923
11924
11925
11928
11929
11930
11931
11932
11934
11935
11936
11937
11938
11939
11940
11942
11944
11945
11946
11947
11948
11949
11951
11952
11953
11954
11955
11957
11958
11960
11961
11962
11963
11964
11965
11966
11967
11969
11971
11973
11974
11975
11976
11977
11978
11979
11981
11982
11983
11985
11986
11987
11988
11989
11990
11992
11993
11994
11995
11996
11997
11999
12000
12001
12002
12003
12004
12005
12006
12007
12008
12011
12012
12013
12014
12015
12016
12017
12018
12019
12021
12022
12024
12025
12026
12027
12028
12030
12031
12033
12035
12036
12037
12039
12041
12042
12043
12044
12045
12047
12048
12049
12052
12054
12055
12056
12057
12058
12059
12060
12062
12063
12064
12066
12068
12069
12070
12072
12073
12074
12075
12076
12078
12079
12080
12081
12082
12083
12084
12085
12086
12087
12088
12089
12090
12091
12093
12094
12095
12096
12097
12098
12099
12100
12102
12103
12104
12105
12107
12108
12109
12110
12111
12112
12113
12114
12115
12116
12118
12119
12121
12122
12123
12124
12125
12126
12127
12128
12129
12130
12131
12133
12134
12135
12136
12137
12138
12139
12140
12142
12143
12144
12146
12147
12148
12149
12150
12151
12152
12153
12154
12155
12156
12157
12158
12159
12160
12161
12162
12163
12164
12166
12167
12168
12169
12170
12171
12172
12173
12174
12175
12176
12177
12178
12180
12181
12182
12183
12184
12185
12186
12188
12189
12190
12191
12192
12193
12195
12196
12197
12198
12200
12201
12202
12203
12204
12206
12207
12208
12209
12210
12211
12212
12214
12215
12216
12217
12218
12219
12220
12222
12224
12227
12228
12229
12230
12231
12232
12233
12235
12237
12238
12239
12240
12241
12242
12243
12244
12245
12246
12247
12248
12249
12250
12251
12252
12253
12254
12255
12256
12257
12258
12259
12261
12262
12263
12264
12265
12266
12267
12269
12270
12271
12272
12273
12274
12276
12277
12278
12280
12281
12282
12283
12284
12285
12286
12287
12288
12289
12291
12292
12293
12294
12295
12296
12297
12298
12299
12300
12302
12303
12305
12306
12307
12308
12311
12312
12313
12315
12316
12317
12318
12319
12320
12321
12322
12323
12324
12325
12326
12327
12330
12333
12335
12336
12338
12339
12340
12341
12342
12343
12344
12346
12348
12349
12350
12351
12352
12354
12355
12356
12357
12359
12361
12362
12363
12364
12366
12367
12369
12370
12371
12373
12376
12377
12378
12381
12382
12384
12385
12386
12387
12388
12389
12390
12392
12394
12395
12396
12397
12398
12399
12400
12401
12402
12403
12405
12406
12407
12409
12410
12411
12412
12413
12414
12416
12418
12419
12420
12421
12423
12424
12425
12426
12427
12428
12430
12431
12432
12434
12435
12436
12437
12440
12441
12442
12443
12444
12445
12446
12447
12450
12451
12452
12453
12454
12455
12456
12457
12459
12460
12461
12462
12463
12464
12466
12467
12468
12470
12472
12473
12474
12475
12477
12479
12480
12481
12483
12486
12487
12488
12490
12491
12492
12493
12494
12496
12497
12498
12499
12502
12503
12504
12506
12507
12509
12510
12512
12514
12515
12516
12518
12519
12522
12523
12524
12525
12526
12527
12528
12529
12530
12531
12532
12533
12534
12535
12536
12537
12539
12540
12541
12542
12544
12545
12546
12547
12548
12549
12550
12551
12552
12553
12554
12555
12556
12557
12558
12559
12560
12561
12562
12563
12564
12565
12566
12567
12568
12569
12570
12571
12572
12574
12575
12576
12577
12578
12579
12581
12583
12584
12585
12586
12587
12588
12589
12590
12591
12592
12593
12594
12595
12596
12597
12598
12599
12600
12601
12602
12603
12604
12605
12606
12607
12608
12609
12610
12611
12613
12614
12615
12616
12617
12618
12619
12620
12621
12622
12623
12624
12625
12627
12629
12630
12631
12632
12634
12635
12636
12637
12638
12639
12640
12641
12642
12643
12644
12646
12648
12649
12650
12651
12652
12653
12654
12656
12657
12658
12660
12662
12663
12664
12667
12668
12670
12671
12673
12674
12675
12676
12677
12678
12679
12680
12681
12682
12683
12686
12687
12688
12689
12690
12691
12692
12695
12697
12698
12699
12700
12701
12702
12703
12704
12705
12706
12707
12708
12709
12710
12712
12713
12714
12715
12716
12717
12718
12720
12721
12722
12723
12724
12725
12726
12727
12728
12729
12730
12731
12732
12735
12736
12737
12738
12739
12740
12741
12742
12743
12744
12745
12746
12747
12749
12750
12751
12753
12757
12758
12759
12761
12762
12763
12764
12765
12766
12767
12768
12769
12770
12771
12772
12773
12774
12775
12776
12777
12778
12779
12782
12783
12784
12787
12788
12789
12790
12791
12792
12794
12796
12798
12799
12801
12802
12803
12804
12805
12806
12807
12808
12809
12810
12811
12812
12813
12815
12816
12817
12818
12819
12821
12822
12824
12825
12826
12827
12828
12829
12830
12831
12832
12833
12834
12835
12836
12837
12838
12840
12841
12842
12845
12846
12848
12852
12853
12854
12855
12859
12860
12861
12862
12863
12864
12865
12866
12867
12868
12869
12870
12871
12872
12874
12875
12876
12877
12879
12880
12882
12884
12885
12886
12887
12889
12890
12891
12893
12894
12896
12897
12898
12899
12901
12902
12903
12904
12905
12906
12907
12908
12909
12910
12912
12913
12914
12915
12916
12917
12918
12921
12922
12923
12925
12927
12928
12929
12930
12931
12932
12933
12934
12935
12937
12940
12941
12946
12947
12948
12949
12951
12952
12953
12955
12956
12957
12958
12959
12960
12961
12962
12963
12965
12966
12967
12969
12970
12971
12972
12973
12974
12975
12976
12978
12979
12981
12982
12985
12987
12988
12989
12991
12992
12994
12995
12996
12997
12998
12999
13000
13001
13002
13003
13004
13005
13007
13008
13009
13011
13013
13014
13015
13016
13017
13019
13020
13021
13023
13024
13026
13028
13029
13030
13031
13032
13033
13034
13035
13036
13037
13038
13039
13040
13041
13042
13043
13044
13045
13046
13047
13048
13049
13051
13052
13053
13054
13055
13057
13058
13060
13061
13062
13063
13064
13065
13066
13067
13068
13069
13070
13073
13074
13075
13076
13077
13078
13079
13080
13081
13083
13085
13087
13088
13089
13090
13091
13092
13093
13094
13096
13097
13098
13099
13100
13101
13102
13103
13104
13105
13107
13108
13109
13111
13112
13113
13114
13115
13117
13118
13119
13120
13121
13122
13123
13127
13129
13130
13133
13135
13137
13138
13139
13140
13142
13143
13144
13145
13147
13148
13149
13151
13153
13155
13156
13158
13159
13161
13162
13163
13164
13166
13167
13168
13169
13170
13171
13172
13173
13174
13176
13177
13178
13179
13181
13182
13183
13184
13185
13186
13187
13188
13189
13190
13192
13193
13194
13196
13197
13198
13199
13200
13201
13204
13205
13206
13207
13209
13210
13211
13212
13217
13218
13219
13220
13221
13222
13223
13224
13225
13227
13228
13229
13230
13232
13233
13235
13236
13237
13238
13239
13242
13243
13244
13245
13246
13247
13248
13249
13251
13252
13253
13254
13255
13257
13258
13260
13262
13265
13267
13269
13270
13271
13272
13273
13275
13276
13277
13278
13279
13280
13281
13282
13284
13285
13286
13287
13288
13290
13291
13292
13293
13294
13296
13297
13299
13300
13301
13302
13303
13305
13306
13308
13309
13310
13311
13313
13315
13316
13317
13319
13320
13321
13322
13326
13327
13329
13331
13332
13333
13335
13336
13337
13338
13339
13340
13341
13343
13344
13345
13346
13347
13348
13349
13350
13351
13352
13353
13354
13355
13356
13357
13358
13359
13360
13361
13362
13363
13364
13365
13367
13368
13369
13371
13372
13373
13374
13375
13376
13377
13378
13379
13380
13381
13383
13384
13385
13386
13387
13388
13390
13392
13393
13394
13395
13396
13399
13400
13401
13402
13403
13404
13407
13408
13409
13410
13411
13412
13413
13414
13415
13416
13417
13419
13420
13422
13423
13424
13425
13426
13427
13428
13429
13430
13431
13433
13434
13435
13437
13439
13440
13441
13442
13443
13444
13446
13449
13450
13451
13452
13454
13455
13456
13457
13459
13460
13461
13462
13463
13464
13465
13469
13470
13471
13472
13473
13474
13475
13476
13477
13478
13480
13481
13482
13483
13484
13485
13487
13489
13491
13493
13494
13495
13497
13498
13499
13500
13501
13502
13503
13504
13506
13508
13509
13511
13512
13513
13514
13515
13516
13517
13518
13519
13520
13521
13522
13523
13524
13525
13526
13527
13529
13530
13532
13533
13534
13535
13537
13538
13541
13542
13543
13544
13545
13546
13547
13548
13550
13552
13554
13556
13558
13559
13561
13563
13565
13566
13567
13568
13569
13570
13571
13572
13573
13574
13575
13576
13578
13580
13582
13583
13584
13585
13586
13587
13588
13589
13590
13591
13592
13593
13594
13595
13596
13597
13598
13600
13601
13603
13604
13605
13606
13607
13608
13611
13612
13613
13614
13615
13616
13617
13619
13620
13621
13622
13623
13624
13625
13626
13627
13628
13629
13630
13632
13633
13635
13637
13640
13642
13643
13644
13646
13647
13648
13653
13654
13656
13657
13659
13660
13661
13662
13663
13665
13666
13667
13669
13670
13671
13673
13674
13675
13676
13677
13678
13679
13680
13681
13682
13683
13684
13685
13686
13687
13688
13689
13691
13692
13693
13694
13696
13697
13698
13699
13701
13705
13706
13708
13709
13710
13711
13712
13716
13718
13719
13720
13721
13722
13723
13724
13725
13726
13729
13732
13733
13734
13735
13736
13737
13738
13739
13742
13743
13744
13746
13747
13748
13749
13750
13751
13752
13753
13754
13755
13757
13758
13759
13760
13762
13764
13765
13767
13768
13769
13770
13771
13772
13774
13775
13776
13777
13778
13779
13780
13781
13782
13783
13784
13785
13786
13787
13788
13789
13790
13791
13792
13793
13794
13795
13796
13797
13798
13799
13800
13801
13802
13803
13804
13805
13806
13807
13808
13810
13812
13814
13815
13816
13817
13818
13820
13821
13824
13827
13830
13831
13832
13833
13834
13836
13837
13838
13841
13842
13843
13844
13845
13846
13848
13849
13850
13851
13852
13854
13855
13856
13857
13858
13859
13860
13861
13863
13864
13865
13866
13868
13869
13870
13872
13873
13874
13876
13877
13878
13879
13880
13881
13883
13884
13885
13886
13887
13888
13889
13891
13893
13894
13895
13896
13898
13899
13901
13903
13904
13905
13906
13907
13908
13909
13910
13911
13912
13913
13914
13915
13916
13917
13918
13919
13920
13921
13922
13923
13924
13925
13926
13927
13929
13930
13932
13935
13937
13939
13940
13941
13942
13943
13944
13945
13946
13947
13948
13949
13950
13951
13952
13953
13954
13955
13956
13957
13958
13960
13961
13962
13963
13964
13966
13967
13968
13970
13971
13972
13973
13974
13975
13976
13977
13979
13980
13981
13984
13985
13986
13987
13988
13989
13990
13993
13994
13995
13996
13997
13998
13999
14001
14002
14003
14005
14006
14009
14010
14011
14012
14013
14014
14016
14017
14018
14019
14020
14021
14023
14024
14025
14027
14028
14029
14031
14032
14033
14035
14036
14037
14038
14039
14042
14043
14044
14045
14046
14047
14048
14049
14050
14051
14052
14053
14054
14055
14056
14057
14059
14060
14063
14064
14065
14066
14068
14069
14070
14071
14072
14073
14074
14076
14078
14079
14080
14081
14082
14084
14085
14086
14087
14088
14089
14090
14091
14092
14093
14094
14097
14099
14100
14102
14103
14104
14105
14106
14107
14108
14110
14111
14112
14113
14114
14115
14116
14117
14118
14119
14120
14121
14122
14123
14124
14127
14128
14129
14130
14131
14132
14134
14135
14136
14137
14140
14141
14142
14143
14144
14146
14147
14148
14150
14151
14152
14153
14154
14155
14156
14158
14159
14161
14162
14163
14164
14165
14166
14167
14168
14169
14172
14173
14176
14177
14178
14179
14180
14181
14186
14187
14189
14190
14191
14192
14193
14194
14196
14197
14199
14200
14202
14203
14204
14205
14206
14208
14209
14210
14211
14212
14213
14214
14215
14216
14219
14220
14221
14222
14223
14224
14225
14226
14227
14228
14229
14230
14231
14232
14234
14235
14236
14237
14238
14239
14240
14241
14243
14244
14245
14246
14247
14248
14249
14251
14253
14254
14255
14256
14258
14260
14261
14262
14263
14264
14267
14268
14269
14270
14271
14272
14273
14274
14275
14278
14279
14280
14281
14283
14284
14285
14286
14287
14288
14289
14291
14293
14294
14295
14296
14297
14298
14299
14300
14301
14302
14303
14304
14305
14306
14307
14308
14310
14311
14313
14314
14316
14317
14318
14319
14321
14322
14323
14324
14325
14327
14328
14329
14330
14331
14332
14333
14334
14335
14337
14338
14339
14340
14341
14342
14343
14344
14345
14346
14347
14348
14349
14350
14351
14352
14353
14354
14356
14357
14358
14359
14360
14361
14362
14363
14364
14365
14366
14367
14368
14371
14372
14373
14374
14375
14376
14377
14378
14379
14380
14381
14382
14383
14384
14385
14386
14387
14388
14389
14390
14391
14392
14393
14394
14395
14396
14397
14400
14401
14402
14403
14404
14405
14406
14407
14409
14410
14411
14412
14414
14415
14417
14418
14421
14422
14424
14425
14426
14427
14428
14429
14430
14431
14432
14433
14435
14436
14437
14438
14439
14440
14443
14444
14445
14446
14447
14448
14449
14450
14451
14452
14453
14455
14457
14458
14459
14461
14462
14463
14465
14466
14467
14469
14470
14471
14474
14478
14479
14480
14481
14483
14484
14485
14487
14488
14489
14491
14492
14493
14494
14495
14496
14497
14498
14499
14501
14502
14503
14504
14506
14507
14509
14510
14511
14512
14515
14516
14517
14518
14519
14520
14521
14522
14523
14524
14525
14528
14529
14530
14532
14535
14536
14537
14538
14539
14540
14541
14542
14544
14546
14547
14548
14550
14552
14554
14555
14556
14557
14558
14559
14560
14561
14562
14563
14565
14566
14567
14568
14569
14570
14571
14572
14573
14574
14575
14576
14578
14580
14581
14582
14583
14584
14585
14586
14587
14588
14589
14591
14593
14594
14595
14596
14597
14598
14600
14601
14602
14603
14604
14605
14606
14607
14608
14609
14610
14611
14612
14613
14614
14615
14616
14617
14618
14619
14620
14621
14626
14627
14628
14629
14631
14632
14633
14634
14635
14636
14637
14638
14639
14640
14641
14642
14643
14644
14645
14647
14648
14649
14650
14651
14653
14655
14657
14658
14660
14661
14663
14664
14665
14666
14667
14668
14669
14670
14673
14674
14675
14676
14677
14678
14679
14680
14682
14683
14685
14686
14688
14689
14691
14692
14693
14696
14697
14698
14699
14701
14702
14703
14704
14705
14706
14707
14708
14709
14710
14711
14712
14714
14716
14717
14718
14719
14720
14721
14722
14723
14724
14728
14729
14730
14731
14732
14733
14734
14735
14736
14737
14738
14739
14741
14742
14744
14745
14747
14749
14751
14752
14753
14754
14755
14757
14758
14761
14762
14763
14766
14767
14768
14769
14770
14771
14772
14773
14774
14776
14778
14779
14780
14781
14784
14786
14787
14788
14789
14790
14791
14792
14793
14794
14795
14796
14797
14799
14800
14801
14802
14803
14804
14805
14806
14807
14808
14809
14811
14812
14813
14814
14815
14817
14818
14819
14820
14821
14822
14823
14825
14826
14827
14828
14829
14830
14831
14832
14833
14834
14835
14836
14837
14838
14840
14841
14842
14843
14844
14845
14846
14847
14848
14849
14850
14851
14852
14854
14855
14858
14859
14860
14861
14863
14864
14865
14866
14867
14868
14869
14870
14871
14872
14873
14874
14875
14876
14877
14878
14879
14880
14881
14882
14883
14884
14885
14886
14887
14888
14889
14890
14891
14892
14893
14894
14895
14896
14897
14898
14900
14901
14902
14904
14905
14906
14907
14909
14910
14911
14912
14913
14914
14915
14916
14917
14918
14919
14920
14921
14923
14924
14925
14926
14927
14929
14930
14931
14932
14933
14936
14937
14938
14939
14940
14941
14943
14944
14945
14946
14948
14949
14950
14951
14953
14954
14955
14958
14959
14960
14961
14962
14963
14964
14965
14966
14967
14968
14969
14971
14972
14973
14975
14977
14978
14979
14980
14981
14982
14983
14984
14985
14986
14987
14988
14989
14990
14991
14993
14994
14995
14996
14998
15000
15001
15002
15003
15004
15005
15006
15007
15009
15010
15011
15012
15013
15014
15015
15016
15018
15019
15021
15024
15025
15026
15027
15029
15030
15032
15033
15034
15035
15036
15037
15038
15039
15040
15041
15042
15043
15044
15045
15047
15048
15049
15050
15052
15053
15054
15057
15058
15059
15060
15061
15062
15063
15064
15067
15068
15069
15070
15071
15072
15074
15075
15076
15077
15079
15080
15083
15085
15086
15087
15088
15090
15091
15092
15093
15094
15096
15097
15099
15100
15101
15103
15104
15105
15106
15108
15109
15110
15111
15112
15113
15114
15115
15117
15119
15120
15123
15125
15126
15127
15128
15129
15130
15131
15133
15134
15136
15137
15138
15139
15140
15141
15142
15143
15144
15145
15146
15148
15149
15150
15151
15152
15153
15154
15156
15158
15159
15160
15162
15165
15166
15167
15168
15169
15170
15171
15172
15173
15174
15175
15176
15177
15178
15179
15180
15181
15182
15183
15184
15186
15188
15189
15192
15193
15194
15195
15196
15198
15200
15201
15202
15203
15204
15206
15209
15210
15211
15212
15213
15214
15216
15217
15220
15221
15222
15224
15225
15228
15229
15230
15231
15233
15235
15237
15239
15240
15242
15243
15244
15245
15246
15247
15248
15249
15250
15251
15252
15254
15255
15256
15257
15258
15259
15260
15261
15263
15264
15265
15266
15267
15268
15270
15271
15272
15273
15274
15275
15276
15277
15278
15279
15280
15282
15283
15284
15286
15288
15289
15291
15292
15293
15294
15295
15296
15298
15299
15300
15301
15302
15303
15304
15305
15306
15307
15308
15309
15310
15311
15313
15314
15315
15316
15317
15318
15319
15320
15324
15325
15326
15328
15332
15333
15334
15335
15336
15337
15338
15340
15341
15342
15343
15344
15345
15346
15347
15348
15349
15350
15351
15352
15353
15354
15355
15356
15357
15360
15361
15363
15365
15366
15367
15368
15369
15370
15372
15373
15375
15376
15377
15378
15379
15380
15381
15382
15383
15384
15385
15386
15387
15388
15389
15390
15391
15392
15393
15394
15395
15397
15398
15400
15401
15402
15403
15404
15405
15406
15407
15408
15409
15410
15411
15412
15413
15414
15416
15417
15418
15419
15420
15422
15423
15424
15426
15427
15428
15429
15431
15432
15433
15435
15436
15437
15438
15439
15441
15443
15444
15446
15447
15448
15449
15450
15451
15453
15455
15456
15457
15458
15459
15460
15461
15463
15464
15465
15466
15468
15469
15470
15472
15475
15476
15477
15478
15479
15481
15482
15483
15484
15485
15486
15487
15488
15489
15491
15492
15493
15494
15495
15497
15498
15499
15500
15501
15502
15503
15504
15505
15507
15508
15509
15510
15511
15512
15513
15514
15515
15516
15517
15518
15519
15520
15522
15523
15524
15525
15527
15528
15529
15530
15531
15533
15534
15535
15536
15537
15538
15539
15540
15541
15542
15543
15544
15546
15547
15548
15550
15551
15552
15554
15556
15557
15558
15559
15562
15563
15564
15565
15566
15568
15570
15571
15572
15573
15574
15575
15576
15578
15579
15580
15581
15582
15583
15584
15585
15586
15587
15588
15589
15590
15591
15592
15593
15594
15595
15596
15597
15598
15599
15600
15602
15604
15605
15606
15607
15608
15609
15610
15611
15612
15613
15614
15616
15617
15618
15620
15622
15623
15625
15626
15628
15630
15631
15632
15633
15634
15637
15638
15639
15640
15641
15642
15643
15644
15645
15646
15647
15648
15649
15650
15651
15652
15653
15654
15655
15656
15657
15658
15659
15660
15661
15662
15663
15664
15665
15666
15667
15668
15669
15670
15671
15672
15673
15674
15675
15676
15677
15678
15680
15681
15684
15685
15687
15688
15689
15691
15692
15693
15695
15696
15697
15698
15700
15701
15702
15703
15705
15706
15707
15708
15709
15710
15711
15713
15714
15715
15717
15718
15719
15720
15722
15723
15724
15725
15726
15728
15730
15731
15733
15734
15735
15736
15737
15738
15739
15740
15742
15743
15745
15746
15747
15748
15749
15750
15751
15752
15753
15754
15755
15756
15757
15758
15759
15760
15762
15763
15764
15765
15766
15767
15768
15769
15770
15771
15772
15773
15774
15775
15776
15777
15778
15779
15780
15781
15783
15784
15785
15786
15788
15789
15791
15792
15793
15794
15796
15797
15798
15799
15800
15801
15802
15804
15805
15806
15807
15812
15813
15814
15815
15817
15818
15819
15820
15821
15822
15823
15824
15825
15826
15827
15828
15829
15830
15831
15832
15833
15834
15836
15837
15839
15840
15842
15843
15845
15846
15847
15848
15850
15851
15853
15854
15855
15857
15860
15861
15864
15865
15866
15867
15868
15869
15872
15873
15875
15876
15877
15879
15880
15882
15884
15885
15886
15887
15888
15889
15890
15892
15893
15894
15895
15896
15897
15898
15899
15900
15901
15902
15903
15905
15906
15907
15909
15910
15911
15912
15914
15915
15916
15917
15918
15919
15920
15921
15922
15924
15925
15928
15930
15932
15933
15934
15935
15936
15937
15938
15942
15943
15944
15945
15946
15948
15949
15950
15951
15953
15954
15955
15957
15958
15959
15961
15962
15963
15964
15965
15966
15968
15969
15970
15971
15972
15973
15974
15975
15976
15979
15980
15981
15982
15983
15984
15986
15988
15989
15990
15991
15992
15993
15994
15995
15996
15997
15998
15999
16000
16001
16002
16003
16004
16006
16007
16009
16010
16011
16014
16015
16017
16018
16019
16020
16021
16023
16024
16026
16028
16029
16030
16031
16034
16035
16037
16043
16044
16045
16046
16047
16048
16049
16050
16051
16052
16054
16055
16056
16057
16058
16059
16060
16061
16062
16063
16064
16065
16066
16067
16069
16070
16071
16072
16073
16074
16075
16076
16077
16078
16079
16080
16081
16082
16083
16084
16086
16087
16088
16089
16090
16091
16092
16093
16094
16095
16097
16098
16099
16100
16101
16103
16105
16106
16107
16109
16110
16111
16112
16113
16115
16116
16117
16118
16121
16122
16123
16124
16125
16126
16127
16128
16129
16130
16132
16133
16134
16135
16136
16137
16139
16141
16143
16144
16146
16147
16149
16150
16151
16152
16153
16154
16155
16157
16159
16160
16161
16162
16163
16164
16167
16168
16169
16170
16171
16174
16175
16176
16177
16178
16180
16181
16182
16184
16185
16186
16187
16188
16189
16190
16191
16192
16193
16194
16195
16196
16197
16198
16199
16202
16203
16204
16205
16206
16207
16208
16209
16210
16212
16213
16215
16216
16217
16219
16222
16223
16225
16226
16227
16228
16229
16230
16231
16232
16233
16234
16235
16236
16238
16239
16241
16242
16243
16244
16245
16246
16248
16249
16250
16251
16252
16253
16255
16256
16257
16260
16262
16263
16264
16266
16267
16269
16270
16271
16272
16274
16275
16276
16279
16280
16281
16282
16283
16284
16285
16286
16287
16288
16289
16290
16291
16292
16295
16296
16297
16298
16299
16300
16301
16302
16303
16305
16307
16308
16309
16310
16311
16313
16314
16316
16317
16318
16320
16321
16322
16323
16325
16326
16327
16328
16330
16331
16332
16334
16336
16337
16339
16340
16341
16342
16343
16344
16345
16346
16347
16348
16349
16350
16354
16355
16356
16357
16359
16360
16361
16362
16363
16364
16365
16367
16368
16369
16370
16371
16372
16373
16374
16375
16376
16377
16378
16380
16381
16382
16384
16385
16387
16388
16390
16391
16392
16393
16399
16400
16401
16402
16403
16404
16405
16406
16407
16408
16409
16410
16411
16414
16415
16416
16417
16418
16419
16420
16421
16422
16423
16425
16426
16427
16428
16430
16431
16432
16433
16434
16435
16436
16437
16439
16440
16441
16442
16444
16445
16446
16447
16448
16449
16452
16453
16456
16458
16459
16460
16461
16465
16467
16468
16469
16471
16472
16473
16474
16475
16476
16477
16478
16479
16480
16481
16482
16483
16484
16485
16486
16487
16488
16489
16490
16491
16492
16494
16495
16496
16497
16498
16499
16500
16501
16502
16503
16504
16505
16506
16507
16508
16509
16510
16511
16512
16513
16514
16515
16516
16517
16518
16519
16520
16521
16522
16523
16524
16526
16528
16529
16530
16531
16532
16533
16534
16535
16536
16537
16540
16541
16542
16544
16545
16546
16547
16548
16549
16550
16551
16552
16553
16554
16555
16556
16557
16558
16559
16562
16564
16565
16567
16569
16570
16571
16572
16575
16576
16578
16579
16580
16581
16583
16584
16585
16586
16587
16588
16589
16590
16591
16592
16593
16594
16595
16596
16597
16598
16599
16600
16601
16602
16605
16607
16608
16609
16610
16611
16612
16613
16614
16615
16616
16617
16618
16620
16621
16622
16623
16625
16626
16627
16628
16630
16631
16632
16633
16634
16635
16638
16639
16640
16641
16642
16644
16645
16646
16647
16648
16650
16651
16653
16654
16655
16656
16657
16658
16659
16660
16661
16662
16663
16664
16666
16667
16668
16669
16670
16671
16672
16673
16674
16675
16679
16680
16681
16682
16683
16684
16685
16688
16689
16690
16691
16692
16693
16694
16695
16696
16697
16698
16699
16700
16701
16702
16703
16704
16705
16706
16707
16708
16710
16711
16713
16714
16715
16716
16717
16718
16719
16720
16721
16723
16724
16725
16727
16728
16730
16731
16732
16733
16734
16735
16736
16737
16738
16740
16741
16743
16744
16745
16746
16747
16748
16749
16751
16752
16753
16754
16755
16757
16758
16759
16760
16761
16762
16763
16764
16765
16766
16767
16768
16769
16770
16771
16772
16774
16775
16776
16777
16778
16779
16781
16783
16784
16785
16786
16787
16788
16789
16790
16791
16793
16795
16797
16798
16799
16801
16802
16803
16804
16805
16806
16807
16808
16809
16810
16811
16812
16813
16814
16816
16817
16818
16820
16821
16822
16823
16824
16825
16826
16827
16828
16829
16830
16831
16832
16834
16835
16837
16838
16839
16841
16842
16843
16844
16845
16846
16848
16849
16852
16853
16854
16855
16856
16857
16859
16860
16861
16862
16863
16864
16865
16866
16867
16868
16869
16870
16871
16872
16874
16875
16876
16877
16878
16879
16880
16883
16884
16885
16886
16887
16888
16889
16890
16892
16893
16895
16897
16898
16899
16900
16902
16903
16904
16906
16907
16909
16910
16911
16912
16914
16915
16917
16918
16922
16924
16925
16926
16927
16928
16929
16930
16932
16933
16934
16935
16937
16938
16939
16940
16941
16942
16943
16944
16945
16946
16947
16948
16949
16950
16952
16953
16954
16956
16957
16959
16960
16961
16962
16963
16964
16965
16966
16967
16968
16969
16971
16972
16974
16976
16977
16978
16979
16980
16983
16984
16985
16986
16987
16988
16989
16990
16991
16992
16993
16994
16995
16997
16998
16999
17000
17001
17002
17003
17004
17005
17006
17007
17008
17009
17010
17011
17012
17013
17015
17016
17017
17018
17019
17021
17022
17023
17024
17025
17026
17027
17028
17032
17033
17034
17035
17036
17037
17038
17039
17040
17041
17042
17043
17044
17045
17046
17047
17048
17049
17050
17052
17054
17055
17056
17057
17058
17059
17061
17062
17063
17065
17066
17067
17069
17071
17073
17074
17076
17077
17078
17079
17080
17081
17082
17084
17085
17086
17088
17089
17091
17092
17093
17094
17095
17097
17098
17099
17100
17101
17102
17103
17105
17107
17108
17109
17110
17111
17112
17113
17114
17116
17117
17119
17121
17122
17123
17124
17125
17126
17127
17128
17129
17130
17131
17132
17133
17134
17135
17139
17140
17141
17142
17143
17144
17145
17146
17147
17148
17149
17151
17153
17154
17155
17156
17158
17159
17162
17163
17164
17165
17167
17168
17169
17170
17171
17172
17174
17175
17176
17177
17178
17179
17180
17181
17182
17183
17184
17185
17186
17187
17188
17189
17190
17191
17193
17194
17195
17198
17199
17200
17201
17202
17203
17204
17205
17206
17207
17208
17209
17210
17211
17212
17213
17215
17216
17218
17219
17221
17223
17224
17226
17227
17228
17229
17230
17231
17232
17233
17234
17235
17236
17237
17239
17241
17243
17245
17246
17247
17248
17249
17251
17252
17253
17255
17256
17257
17258
17259
17260
17261
17262
17263
17264
17265
17266
17267
17268
17269
17271
17272
17273
17274
17276
17278
17279
17281
17283
17284
17286
17287
17289
17291
17292
17293
17294
17295
17296
17297
17298
17299
17300
17301
17302
17303
17304
17305
17306
17307
17308
17309
17310
17311
17313
17314
17315
17316
17317
17318
17319
17320
17321
17322
17323
17325
17326
17327
17328
17330
17331
17332
17333
17334
17335
17336
17337
17338
17339
17340
17341
17342
17343
17344
17345
17346
17347
17348
17349
17350
17351
17353
17354
17356
17357
17358
17359
17360
17361
17363
17364
17365
17366
17367
17368
17369
17370
17371
17372
17373
17374
17375
17376
17378
17379
17380
17382
17385
17386
17387
17388
17389
17390
17392
17394
17395
17396
17397
17399
17401
17402
17403
17404
17405
17407
17408
17409
17410
17412
17413
17414
17415
17416
17417
17420
17421
17422
17424
17425
17426
17427
17428
17429
17431
17432
17433
17436
17437
17438
17439
17440
17443
17444
17446
17447
17448
17449
17450
17451
17452
17454
17455
17456
17458
17459
17460
17461
17462
17463
17464
17465
17466
17467
17468
17470
17471
17472
17473
17475
17476
17477
17478
17479
17480
17481
17482
17483
17485
17487
17488
17489
17490
17491
17492
17493
17494
17495
17496
17497
17499
17500
17501
17502
17503
17504
17505
17506
17508
17510
17511
17512
17513
17514
17515
17516
17517
17518
17519
17520
17521
17522
17523
17524
17525
17527
17528
17529
17530
17531
17532
17533
17534
17535
17536
17537
17538
17539
17541
17542
17543
17544
17545
17546
17547
17548
17549
17550
17551
17553
17554
17555
17557
17558
17559
17560
17561
17562
17563
17564
17565
17568
17569
17570
17572
17573
17574
17575
17576
17577
17578
17579
17580
17581
17582
17583
17584
17586
17587
17588
17589
17590
17591
17592
17593
17594
17595
17596
17597
17598
17599
17602
17603
17604
17605
17606
17608
17609
17610
17611
17612
17613
17614
17615
17616
17617
17618
17619
17620
17621
17622
17623
17624
17625
17627
17628
17629
17630
17631
17632
17633
17634
17636
17637
17638
17639
17640
17641
17643
17644
17646
17648
17649
17651
17652
17653
17654
17655
17656
17657
17658
17659
17660
17661
17663
17664
17665
17666
17671
17673
17675
17676
17677
17678
17679
17680
17681
17682
17683
17684
17686
17688
17689
17690
17695
17696
17697
17698
17699
17700
17701
17703
17704
17705
17706
17708
17709
17710
17711
17712
17713
17714
17716
17717
17718
17719
17720
17721
17722
17724
17725
17726
17727
17728
17729
17731
17733
17734
17735
17736
17737
17738
17740
17741
17742
17743
17745
17747
17748
17749
17750
17751
17753
17754
17755
17756
17757
17758
17759
17760
17761
17763
17765
17766
17767
17768
17769
17770
17771
17772
17773
17774
17775
17776
17777
17778
17779
17781
17782
17783
17784
17785
17787
17789
17790
17792
17793
17794
17796
17797
17800
17801
17803
17804
17805
17806
17807
17808
17809
17810
17811
17812
17814
17816
17818
17819
17821
17823
17824
17825
17826
17827
17828
17829
17831
17832
17833
17835
17836
17838
17839
17840
17841
17842
17843
17844
17846
17847
17848
17849
17850
17852
17853
17854
17856
17857
17859
17860
17861
17862
17863
17865
17866
17867
17868
17869
17870
17871
17872
17874
17876
17877
17878
17879
17880
17881
17882
17883
17884
17885
17886
17887
17888
17890
17891
17892
17893
17894
17895
17896
17898
17900
17901
17902
17903
17904
17905
17906
17907
17909
17910
17911
17912
17913
17914
17915
17916
17917
17918
17919
17920
17921
17922
17923
17924
17925
17926
17927
17928
17929
17930
17931
17932
17933
17934
17935
17936
17938
17940
17941
17942
17943
17944
17945
17946
17947
17948
17949
17950
17951
17952
17953
17954
17955
17956
17957
17958
17959
17960
17961
17962
17963
17965
17966
17967
17968
17969
17970
17971
17972
17973
17974
17975
17976
17977
17978
17979
17980
17983
17984
17985
17987
17990
17991
17992
17993
17994
17995
17996
17997
17998
18000
18001
18002
18003
18004
18005
18006
18008
18010
18012
18013
18016
18017
18018
18019
18021
18022
18024
18025
18026
18027
18030
18031
18033
18034
18035
18036
18037
18039
18040
18043
18044
18045
18046
18048
18050
18051
18052
18053
18056
18057
18058
18059
18060
18061
18062
18064
18065
18068
18069
18070
18071
18072
18073
18074
18075
18076
18079
18080
18082
18083
18084
18086
18088
18089
18091
18092
18093
18095
18098
18099
18100
18101
18102
18104
18105
18107
18109
18110
18111
18112
18113
18114
18115
18116
18117
18118
18119
18122
18123
18124
18126
18127
18128
18129
18130
18132
18133
18134
18135
18136
18137
18138
18139
18140
18141
18142
18143
18144
18145
18147
18148
18149
18150
18152
18153
18154
18155
18156
18157
18158
18161
18162
18163
18164
18165
18167
18168
18169
18170
18171
18172
18174
18176
18177
18178
18179
18182
18183
18185
18186
18187
18188
18189
18190
18191
18192
18193
18194
18195
18196
18197
18198
18199
18201
18202
18203
18204
18205
18206
18207
18208
18209
18210
18211
18212
18213
18214
18215
18216
18217
18218
18219
18220
18221
18222
18223
18224
18225
18227
18229
18230
18231
18232
18233
18234
18235
18236
18237
18238
18239
18240
18241
18242
18245
18248
18249
18250
18252
18254
18255
18256
18258
18259
18260
18263
18264
18265
18269
18271
18272
18273
18274
18275
18276
18277
18279
18280
18281
18282
18284
18286
18287
18289
18290
18291
18292
18293
18294
18295
18296
18298
18299
18300
18301
18302
18303
18304
18305
18306
18307
18308
18309
18310
18311
18312
18315
18316
18318
18319
18320
18321
18322
18323
18324
18325
18326
18327
18328
18329
18330
18331
18332
18334
18335
18336
18338
18339
18341
18342
18343
18344
18345
18346
18347
18348
18350
18351
18352
18353
18354
18355
18356
18357
18358
18361
18362
18363
18364
18365
18366
18367
18368
18369
18370
18371
18372
18373
18374
18375
18376
18377
18378
18379
18380
18381
18382
18383
18385
18387
18388
18389
18390
18391
18392
18393
18394
18395
18397
18398
18399
18400
18401
18402
18403
18404
18405
18407
18410
18411
18412
18413
18414
18415
18416
18417
18418
18419
18420
18421
18424
18425
18426
18428
18430
18431
18432
18433
18434
18435
18437
18438
18439
18441
18442
18443
18444
18445
18446
18447
18448
18449
18450
18451
18453
18454
18455
18456
18457
18458
18459
18460
18461
18463
18464
18465
18466
18468
18469
18470
18471
18472
18473
18474
18475
18476
18477
18479
18480
18482
18483
18484
18485
18486
18487
18488
18489
18490
18491
18492
18493
18495
18496
18497
18498
18499
18501
18504
18505
18506
18507
18508
18511
18512
18513
18514
18515
18516
18517
18518
18520
18521
18522
18524
18526
18527
18528
18529
18530
18531
18532
18533
18534
18535
18536
18537
18538
18541
18543
18544
18545
18546
18548
18550
18552
18553
18554
18555
18556
18557
18559
18560
18561
18562
18563
18564
18565
18567
18568
18570
18571
18572
18574
18575
18576
18577
18578
18579
18580
18581
18582
18583
18584
18585
18586
18588
18589
18590
18591
18592
18593
18594
18595
18596
18598
18599
18601
18602
18605
18606
18607
18608
18609
18610
18611
18612
18613
18614
18615
18619
18620
18621
18622
18623
18625
18626
18627
18630
18631
18632
18633
18634
18635
18636
18637
18638
18639
18640
18641
18642
18643
18644
18645
18646
18648
18649
18650
18651
18652
18653
18654
18656
18657
18658
18661
18663
18665
18666
18667
18668
18669
18670
18671
18672
18673
18674
18675
18676
18677
18679
18681
18682
18683
18684
18685
18686
18687
18688
18689
18690
18691
18692
18693
18694
18695
18696
18697
18698
18699
18700
18701
18702
18703
18704
18705
18706
18707
18708
18710
18711
18712
18713
18716
18717
18719
18720
18721
18723
18724
18725
18728
18729
18730
18731
18732
18733
18734
18736
18737
18738
18740
18741
18742
18744
18745
18746
18747
18748
18749
18750
18751
18752
18753
18754
18755
18756
18757
18758
18759
18760
18761
18762
18763
18764
18765
18766
18767
18768
18769
18770
18771
18773
18774
18776
18777
18778
18779
18780
18781
18782
18784
18786
18788
18789
18790
18791
18792
18793
18794
18795
18796
18797
18798
18799
18800
18802
18803
18804
18805
18806
18807
18808
18809
18811
18813
18814
18815
18816
18817
18818
18819
18820
18821
18822
18823
18824
18825
18826
18827
18828
18829
18830
18831
18832
18834
18835
18836
18838
18840
18841
18842
18843
18844
18846
18847
18849
18851
18852
18854
18855
18856
18857
18858
18859
18861
18862
18863
18864
18865
18866
18868
18869
18870
18871
18872
18873
18875
18876
18877
18879
18880
18881
18882
18883
18884
18886
18887
18888
18889
18891
18892
18893
18894
18895
18896
18899
18900
18901
18902
18903
18904
18905
18908
18909
18910
18911
18912
18913
18916
18917
18918
18919
18920
18921
18922
18923
18925
18926
18927
18928
18929
18930
18931
18933
18934
18935
18936
18937
18938
18939
18940
18942
18943
18944
18945
18946
18947
18948
18949
18951
18952
18953
18954
18955
18956
18958
18959
18962
18963
18964
18965
18967
18968
18970
18971
18972
18973
18974
18975
18977
18978
18979
18980
18981
18983
18984
18985
18986
18987
18988
18989
18990
18991
18993
18994
18995
18996
18997
19001
19002
19003
19005
19006
19007
19009
19010
19011
19013
19014
19015
19016
19017
19020
19021
19022
19023
19024
19025
19026
19028
19029
19030
19031
19032
19034
19035
19036
19037
19038
19040
19041
19042
19043
19044
19045
19046
19047
19048
19049
19050
19051
19052
19053
19054
19055
19056
19057
19058
19059
19060
19061
19062
19063
19064
19065
19067
19068
19069
19070
19071
19072
19075
19076
19077
19078
19079
19080
19081
19082
19083
19084
19085
19086
19087
19088
19089
19090
19091
19092
19094
19098
19100
19101
19102
19104
19106
19107
19108
19109
19110
19112
19113
19114
19115
19116
19118
19120
19121
19122
19123
19124
19125
19126
19128
19129
19131
19132
19133
19134
19135
19136
19137
19139
19141
19142
19143
19145
19148
19149
19150
19151
19153
19154
19155
19156
19157
19158
19159
19160
19162
19163
19164
19165
19166
19167
19169
19171
19172
19173
19174
19175
19177
19178
19179
19180
19181
19182
19183
19184
19185
19186
19188
19189
19190
19191
19192
19193
19194
19195
19196
19197
19200
19201
19202
19204
19206
19207
19208
19209
19210
19211
19213
19214
19215
19216
19218
19219
19221
19222
19223
19224
19226
19227
19228
19229
19230
19231
19233
19234
19235
19236
19237
19238
19239
19241
19242
19243
19244
19245
19247
19248
19249
19250
19252
19253
19254
19255
19256
19257
19258
19259
19260
19261
19262
19263
19265
19266
19267
19268
19269
19270
19271
19272
19273
19274
19275
19276
19277
19278
19280
19281
19282
19283
19284
19285
19286
19287
19289
19290
19292
19293
19294
19295
19296
19299
19301
19303
19304
19306
19307
19308
19310
19311
19312
19313
19314
19315
19316
19318
19319
19320
19321
19322
19323
19324
19325
19326
19328
19330
19331
19332
19333
19334
19336
19338
19339
19340
19341
19342
19343
19344
19345
19346
19347
19348
19349
19350
19352
19354
19355
19356
19357
19358
19360
19362
19363
19365
19366
19367
19368
19369
19370
19372
19374
19376
19377
19378
19380
19382
19384
19387
19388
19389
19390
19393
19395
19396
19397
19398
19399
19400
19403
19404
19405
19406
19407
19408
19411
19412
19413
19414
19415
19418
19420
19421
19422
19423
19425
19426
19427
19428
19429
19430
19431
19432
19433
19434
19435
19436
19437
19440
19441
19442
19443
19444
19445
19446
19447
19448
19449
19450
19452
19453
19454
19456
19457
19458
19460
19462
19463
19464
19466
19467
19468
19469
19470
19472
19473
19474
19475
19476
19477
19479
19480
19482
19483
19484
19485
19486
19487
19488
19490
19491
19492
19493
19494
19495
19496
19497
19498
19499
19500
19501
19502
19503
19505
19506
19509
19510
19511
19512
19513
19514
19516
19517
19519
19520
19521
19522
19523
19524
19526
19527
19528
19529
19530
19531
19533
19534
19535
19536
19537
19538
19539
19540
19541
19542
19543
19544
19545
19546
19548
19549
19550
19551
19552
19553
19555
19556
19557
19558
19561
19562
19563
19564
19565
19566
19567
19569
19570
19571
19572
19573
19574
19575
19577
19578
19580
19582
19584
19585
19586
19587
19588
19589
19590
19591
19592
19595
19596
19598
19599
19600
19601
19602
19603
19604
19605
19606
19607
19608
19609
19610
19611
19613
19614
19615
19617
19618
19619
19620
19621
19622
19623
19624
19625
19626
19627
19628
19629
19630
19631
19632
19633
19634
19635
19637
19638
19639
19641
19642
19643
19644
19645
19647
19648
19649
19650
19651
19654
19658
19659
19661
19662
19663
19665
19666
19667
19668
19669
19672
19673
19674
19675
19676
19677
19678
19679
19680
19681
19682
19683
19686
19687
19688
19689
19691
19692
19693
19694
19696
19697
19700
19701
19702
19703
19704
19705
19707
19708
19709
19710
19711
19712
19713
19714
19715
19716
19718
19719
19720
19721
19722
19723
19724
19725
19727
19729
19730
19731
19732
19733
19734
19736
19737
19738
19739
19742
19743
19744
19746
19747
19748
19749
19750
19751
19752
19753
19754
19755
19756
19757
19758
19759
19760
19761
19763
19765
19766
19767
19768
19769
19770
19771
19772
19773
19774
19776
19777
19778
19779
19780
19781
19782
19783
19784
19785
19786
19789
19790
19791
19793
19794
19795
19796
19797
19798
19799
19800
19801
19802
19803
19804
19805
19807
19809
19810
19811
19814
19815
19816
19817
19818
19819
19820
19821
19822
19823
19824
19825
19827
19829
19830
19831
19832
19833
19835
19837
19839
19840
19841
19842
19843
19844
19845
19847
19849
19850
19852
19854
19855
19857
19858
19859
19860
19861
19862
19864
19866
19867
19868
19870
19871
19872
19874
19875
19876
19877
19878
19879
19881
19882
19884
19885
19886
19887
19888
19889
19890
19891
19893
19895
19896
19897
19898
19899
19900
19901
19902
19904
19905
19906
19908
19909
19910
19911
19912
19913
19914
19915
19916
19917
19918
19919
19920
19921
19922
19923
19924
19927
19928
19929
19930
19931
19932
19933
19935
19936
19938
19939
19940
19942
19943
19944
19945
19946
19948
19949
19950
19952
19953
19954
19955
19959
19960
19961
19962
19966
19967
19968
19969
19970
19971
19972
19973
19975
19976
19977
19978
19979
19980
19981
19982
19983
19985
19986
19987
19988
19991
19992
19993
19994
19995
19997
