4384
1
2
7
8
11
13
15
17
20
34
35
38
44
46
49
50
51
54
58
59
64
67
69
71
73
75
76
79
85
95
101
103
105
107
109
110
114
117
118
120
131
135
137
149
157
172
192
194
196
205
208
211
215
219
222
224
232
239
241
242
245
250
252
254
257
259
263
266
270
279
281
286
294
295
296
297
306
309
314
322
323
326
328
330
331
332
333
336
337
338
340
341
344
347
351
352
353
356
361
392
395
396
399
400
402
423
424
426
432
433
437
439
445
447
449
451
452
454
455
459
461
464
465
473
475
477
482
483
487
488
489
492
494
496
498
500
506
519
523
524
526
538
541
542
548
551
553
559
562
568
571
584
590
597
605
608
610
614
619
621
627
628
630
640
646
648
664
665
670
675
677
680
690
691
696
702
705
711
712
713
718
719
721
731
738
742
763
768
769
775
776
777
788
789
792
794
804
807
808
811
814
816
826
827
828
834
839
855
860
863
864
873
877
878
879
884
885
900
904
910
916
937
944
946
948
955
958
962
971
982
989
994
996
1009
1011
1015
1016
1021
1025
1030
1033
1034
1036
1041
1050
1054
1058
1080
1083
1086
1095
1102
1111
1112
1114
1119
1123
1134
1136
1140
1143
1144
1145
1149
1154
1156
1160
1173
1177
1184
1187
1192
1194
1199
1200
1203
1208
1211
1215
1217
1221
1223
1238
1244
1247
1248
1249
1255
1259
1260
1269
1274
1275
1277
1278
1293
1297
1298
1303
1310
1316
1319
1324
1331
1335
1336
1338
1342
1345
1348
1359
1361
1363
1365
1368
1379
1387
1389
1396
1401
1418
1420
1421
1425
1441
1443
1444
1446
1448
1452
1456
1462
1464
1481
1483
1485
1489
1491
1494
1501
1512
1514
1516
1525
1527
1534
1543
1551
1552
1563
1573
1593
1606
1608
1611
1620
1623
1624
1626
1627
1636
1637
1638
1642
1650
1653
1663
1665
1669
1673
1675
1701
1702
1705
1719
1724
1732
1734
1739
1747
1760
1761
1779
1781
1809
1812
1814
1824
1827
1845
1851
1852
1858
1865
1879
1883
1892
1897
1902
1908
1912
1919
1920
1926
1928
1930
1931
1932
1936
1944
1947
1949
1950
1954
1956
1963
1965
1966
1988
1989
1990
1991
1992
1993
1996
1998
2000
2009
2010
2014
2016
2018
2022
2025
2035
2038
2039
2047
2057
2063
2064
2065
2071
2076
2080
2091
2106
2109
2112
2119
2121
2125
2136
2139
2142
2145
2148
2154
2168
2174
2181
2182
2183
2185
2186
2187
2188
2189
2190
2201
2206
2209
2213
2214
2218
2225
2227
2228
2229
2233
2236
2246
2247
2254
2260
2262
2266
2269
2277
2278
2287
2290
2291
2297
2299
2302
2307
2315
2316
2325
2326
2327
2328
2329
2330
2333
2336
2338
2339
2343
2350
2355
2361
2368
2375
2379
2392
2400
2401
2403
2411
2413
2415
2417
2432
2435
2436
2437
2441
2445
2454
2457
2462
2474
2482
2490
2493
2494
2495
2499
2507
2511
2514
2520
2525
2526
2532
2539
2540
2544
2563
2568
2571
2574
2577
2582
2589
2591
2598
2602
2603
2604
2605
2606
2610
2611
2624
2631
2636
2638
2641
2647
2651
2653
2656
2657
2662
2666
2683
2685
2686
2690
2692
2693
2697
2704
2707
2709
2710
2711
2713
2716
2719
2720
2723
2729
2734
2737
2747
2756
2763
2764
2766
2770
2774
2776
2778
2782
2786
2790
2791
2802
2805
2811
2818
2820
2821
2827
2830
2832
2844
2849
2852
2859
2860
2865
2871
2876
2879
2884
2886
2887
2892
2895
2896
2899
2901
2911
2912
2921
2924
2925
2933
2934
2935
2938
2941
2943
2948
2952
2955
2958
2959
2964
2969
2973
2994
2999
3003
3007
3008
3009
3017
3023
3027
3031
3036
3050
3054
3058
3060
3064
3067
3073
3076
3086
3092
3096
3097
3106
3110
3111
3113
3115
3119
3122
3130
3134
3146
3148
3153
3154
3159
3160
3161
3163
3167
3168
3170
3172
3174
3177
3183
3184
3189
3195
3200
3201
3213
3219
3222
3223
3234
3240
3242
3244
3251
3257
3262
3269
3282
3285
3286
3306
3309
3313
3317
3331
3332
3337
3352
3356
3364
3366
3368
3369
3375
3380
3394
3399
3410
3422
3426
3434
3435
3444
3447
3458
3463
3474
3482
3484
3490
3504
3508
3521
3525
3526
3535
3536
3544
3557
3560
3566
3568
3569
3582
3587
3597
3599
3610
3617
3624
3626
3630
3633
3639
3654
3657
3658
3663
3664
3683
3687
3688
3698
3700
3701
3715
3716
3718
3739
3740
3749
3751
3754
3755
3758
3763
3793
3795
3802
3804
3808
3811
3812
3822
3824
3835
3840
3842
3845
3854
3879
3888
3891
3892
3895
3896
3898
3903
3908
3913
3916
3917
3920
3924
3932
3937
3939
3940
3945
3956
3960
3962
3976
3993
4003
4005
4013
4015
4023
4025
4028
4029
4031
4035
4036
4037
4046
4048
4051
4055
4061
4071
4073
4074
4078
4086
4094
4098
4103
4109
4118
4121
4133
4134
4136
4139
4162
4164
4165
4169
4176
4177
4178
4184
4193
4199
4207
4210
4220
4223
4228
4237
4245
4247
4250
4257
4259
4263
4269
4279
4284
4291
4313
4323
4324
4332
4339
4354
4364
4367
4373
4374
4375
4377
4378
4387
4390
4396
4401
4404
4410
4415
4417
4431
4438
4443
4445
4450
4457
4458
4467
4468
4470
4483
4484
4489
4522
4551
4553
4555
4574
4580
4583
4591
4595
4596
4598
4604
4608
4609
4615
4617
4633
4638
4644
4658
4665
4667
4681
4682
4688
4689
4690
4691
4703
4707
4718
4722
4723
4727
4730
4731
4732
4738
4743
4760
4764
4765
4785
4788
4792
4795
4799
4804
4814
4823
4826
4831
4833
4835
4843
4844
4846
4849
4852
4867
4872
4874
4877
4887
4892
4897
4898
4904
4909
4912
4916
4927
4937
4944
4947
4953
4963
4965
4967
4972
4978
4985
4994
4997
5001
5006
5015
5018
5026
5029
5038
5043
5046
5053
5055
5056
5067
5074
5075
5086
5092
5096
5099
5102
5104
5111
5112
5119
5122
5130
5133
5136
5139
5143
5149
5154
5156
5179
5187
5190
5191
5192
5194
5196
5197
5199
5206
5212
5219
5221
5222
5232
5238
5241
5245
5246
5248
5258
5269
5271
5274
5282
5286
5288
5292
5302
5305
5310
5327
5335
5338
5340
5346
5347
5348
5350
5353
5358
5367
5369
5399
5400
5410
5413
5417
5419
5421
5425
5427
5433
5442
5455
5458
5461
5470
5475
5483
5485
5486
5489
5496
5500
5502
5504
5506
5510
5515
5520
5529
5535
5541
5555
5561
5562
5566
5570
5575
5580
5585
5596
5603
5606
5607
5609
5610
5613
5624
5637
5638
5667
5671
5678
5681
5682
5689
5691
5699
5708
5709
5710
5716
5721
5724
5725
5733
5743
5745
5746
5755
5772
5781
5785
5790
5791
5792
5794
5799
5806
5811
5817
5818
5841
5843
5847
5849
5850
5852
5855
5861
5868
5884
5895
5896
5901
5903
5907
5910
5914
5916
5927
5936
5940
5946
5952
5961
5962
5963
5965
5972
5975
5976
5986
6003
6007
6010
6011
6020
6022
6029
6033
6035
6040
6046
6047
6049
6058
6063
6065
6077
6084
6087
6089
6092
6106
6111
6115
6120
6126
6127
6129
6132
6136
6138
6146
6148
6151
6164
6174
6175
6178
6180
6184
6185
6192
6194
6197
6198
6200
6202
6204
6209
6214
6217
6221
6222
6223
6234
6239
6240
6242
6243
6245
6248
6256
6267
6291
6317
6323
6326
6331
6333
6337
6344
6346
6347
6358
6368
6370
6372
6373
6378
6379
6380
6384
6385
6387
6388
6390
6394
6396
6402
6413
6422
6426
6429
6431
6448
6453
6465
6466
6471
6473
6476
6486
6488
6497
6498
6501
6503
6504
6506
6513
6515
6524
6528
6529
6533
6535
6542
6550
6553
6561
6566
6575
6576
6580
6595
6596
6597
6600
6601
6603
6608
6612
6615
6623
6624
6637
6642
6644
6646
6658
6672
6681
6682
6684
6697
6703
6705
6709
6717
6724
6726
6736
6740
6742
6744
6756
6766
6767
6775
6776
6782
6786
6789
6793
6801
6810
6818
6825
6839
6845
6862
6864
6890
6898
6917
6925
6928
6933
6940
6948
6952
6959
6960
6964
6969
6972
6976
6980
6981
6984
6987
6992
6993
6994
6996
7007
7018
7020
7026
7027
7028
7037
7038
7050
7053
7065
7067
7068
7074
7078
7086
7092
7093
7095
7096
7110
7116
7119
7123
7124
7128
7131
7147
7148
7151
7154
7167
7180
7183
7187
7189
7193
7194
7202
7203
7207
7209
7216
7218
7219
7221
7234
7235
7240
7248
7254
7256
7257
7264
7270
7274
7282
7283
7285
7289
7290
7293
7307
7313
7316
7321
7332
7333
7337
7338
7346
7353
7356
7358
7369
7370
7374
7376
7377
7379
7382
7388
7391
7392
7404
7406
7409
7417
7420
7421
7430
7434
7435
7437
7439
7440
7444
7449
7455
7456
7457
7460
7467
7476
7477
7478
7486
7488
7502
7513
7514
7515
7518
7519
7524
7525
7527
7533
7550
7553
7554
7557
7559
7572
7574
7575
7576
7580
7585
7587
7596
7597
7599
7603
7605
7607
7609
7623
7628
7629
7638
7642
7650
7664
7668
7679
7682
7683
7685
7693
7714
7720
7721
7724
7727
7745
7750
7755
7758
7760
7764
7765
7766
7778
7781
7794
7796
7802
7809
7827
7831
7837
7839
7845
7851
7854
7866
7872
7877
7879
7889
7891
7893
7899
7912
7913
7918
7920
7921
7925
7931
7941
7953
7956
7964
7966
7974
7986
7988
7999
8002
8004
8008
8012
8013
8016
8021
8030
8031
8033
8035
8038
8042
8044
8046
8048
8055
8060
8064
8068
8070
8096
8102
8104
8105
8109
8111
8112
8114
8117
8119
8126
8128
8136
8141
8152
8170
8173
8176
8189
8190
8196
8198
8207
8219
8220
8228
8232
8234
8237
8241
8246
8262
8265
8267
8269
8271
8275
8284
8289
8298
8306
8308
8312
8319
8320
8330
8334
8336
8340
8359
8361
8364
8367
8371
8382
8391
8400
8402
8406
8407
8408
8417
8425
8430
8437
8445
8451
8457
8459
8460
8463
8464
8473
8475
8479
8491
8493
8497
8502
8506
8507
8510
8516
8518
8520
8529
8530
8536
8539
8543
8545
8552
8554
8559
8567
8570
8580
8588
8589
8591
8602
8615
8616
8623
8633
8634
8636
8638
8649
8661
8663
8664
8665
8667
8669
8673
8674
8680
8685
8687
8689
8696
8702
8710
8713
8727
8729
8742
8744
8750
8752
8755
8757
8763
8766
8770
8779
8790
8792
8793
8799
8801
8808
8821
8832
8836
8843
8846
8850
8858
8871
8875
8876
8888
8892
8895
8899
8900
8907
8910
8912
8917
8919
8920
8929
8930
8933
8935
8937
8956
8957
8959
8963
8968
8970
8971
8974
8975
8983
8990
9001
9014
9016
9029
9032
9039
9046
9051
9053
9054
9058
9062
9066
9072
9078
9080
9081
9083
9090
9093
9099
9104
9107
9109
9112
9115
9117
9130
9132
9134
9135
9137
9139
9153
9165
9166
9170
9178
9179
9180
9183
9185
9200
9203
9216
9221
9225
9232
9239
9240
9246
9248
9266
9274
9276
9290
9291
9293
9303
9308
9309
9312
9317
9320
9327
9341
9342
9347
9348
9358
9361
9365
9370
9372
9377
9379
9381
9385
9387
9393
9395
9396
9397
9402
9415
9419
9423
9424
9436
9439
9447
9451
9453
9464
9468
9471
9473
9475
9490
9491
9494
9501
9503
9504
9509
9511
9515
9533
9535
9541
9547
9556
9559
9563
9567
9572
9576
9577
9580
9590
9591
9595
9605
9612
9615
9617
9621
9622
9627
9629
9633
9634
9649
9651
9654
9660
9662
9663
9667
9668
9669
9671
9678
9679
9687
9698
9700
9701
9703
9715
9718
9719
9722
9738
9744
9749
9750
9763
9768
9771
9773
9778
9779
9792
9793
9795
9797
9800
9803
9822
9824
9828
9830
9833
9835
9844
9847
9852
9858
9859
9862
9864
9865
9869
9874
