3
52
55
86
93
156
181
226
229
234
248
302
303
427
476
491
509
534
660
693
783
820
832
841
882
899
907
941
964
1055
1081
1105
1113
1120
1170
1190
1193
1241
1251
1280
1304
1332
1372
1436
1437
1519
1535
1548
1579
1678
1711
1769
1789
1811
1813
1817
1847
1913
1946
1964
1999
2003
2012
2028
2031
2052
2073
2089
2117
2124
2147
2175
2177
2238
2284
2369
2402
2431
2434
2466
2471
2509
2535
2576
2586
2614
2621
2622
2625
2678
2717
2738
2758
2773
2793
2816
2847
2873
2928
2939
2945
3024
3029
3037
3051
3074
3132
3164
3196
3203
3217
3232
3261
3338
3357
3367
3391
3427
3497
3523
3559
3589
3600
3605
3607
3652
3667
3705
3717
3732
3737
3788
3915
4021
4038
4107
4140
4227
4236
4296
4310
4321
4420
4456
4471
4527
4547
4550
4552
4559
4567
4587
4706
4708
4775
4879
4889
4924
4928
4966
4983
4989
4993
5019
5101
5182
5223
5281
5318
5328
5342
5380
5468
5478
5518
5564
5574
5599
5635
5657
5722
5776
5787
5815
5825
5834
5863
5892
5912
5922
6026
6045
6050
6116
6121
6147
6165
6226
6251
6263
6277
6282
6312
6328
6349
6350
6376
6408
6445
6475
6499
6520
6527
6549
6591
6647
6700
6713
6731
6760
6762
6826
6844
6946
7045
7046
7133
7173
7175
7232
7298
7301
7309
7312
7351
7361
7432
7466
7485
7496
7520
7614
7624
7627
7647
7663
7696
7700
7708
7726
7754
7774
7789
7799
7808
7817
7838
7858
7895
7969
8003
8057
8078
8091
8139
8180
8216
8230
8252
8255
8257
8261
8263
8279
8328
8380
8399
8401
8412
8421
8439
8456
8483
8549
8578
8590
8599
8605
8627
8629
8650
8693
8694
8731
8740
8748
8751
8789
8947
8961
8994
9059
9069
9070
9145
9159
9176
9182
9186
9197
9209
9282
9304
9314
9331
9333
9349
9383
9384
9413
9493
9548
9553
9555
9598
9619
9670
9688
9689
9697
9709
9737
9767
9780
9812
9841
9868
