9890
9894
9898
9899
9901
9906
9910
9914
9915
9920
9926
9964
9965
9969
9976
9977
9980
9982
9990
9992
9994
10010
10015
10023
10031
10043
10047
10059
10061
10062
10065
10070
10075
10079
10091
10109
10118
10125
10142
10148
10167
10175
10177
10187
10197
10200
10205
10214
10219
10227
10246
10251
10252
10260
10274
10276
10286
10288
10289
10290
10296
10298
10301
10303
10305
10306
10335
10341
10343
10379
10384
10388
10393
10395
10404
10408
10418
10429
10432
10446
10449
10451
10452
10457
10470
10472
10475
10477
10478
10479
10485
10490
10519
10526
10528
10547
10560
10565
10568
10573
10577
10587
10588
10594
10595
10607
10612
10613
10618
10625
10630
10633
10637
10654
10655
10675
10681
10694
10697
10703
10745
10751
10752
10753
10754
10763
10781
10788
10789
10790
10794
10816
10820
10832
10844
10850
10852
10853
10855
10864
10867
10868
10871
10878
10886
10888
10892
10894
10898
10904
10905
10912
10913
10918
10921
10929
10931
10936
10947
10953
10958
10959
10969
10971
10972
10977
10979
10985
10991
10996
10998
11008
11012
11028
11029
11035
11043
11045
11047
11049
11051
11056
11068
11069
11070
11072
11078
11087
11088
11108
11112
11116
11119
11129
11130
11132
11137
11144
11146
11147
11151
11156
11163
11164
11172
11181
11183
11188
11192
11212
11242
11245
11249
11250
11252
11254
11255
11258
11264
11279
11280
11300
11310
11315
11321
11341
11355
11362
11380
11381
11398
11406
11407
11409
11413
11433
11434
11436
11437
11439
11443
11444
11449
11452
11464
11467
11476
11493
11496
11498
11505
11507
11524
11539
11542
11546
11555
11558
11560
11563
11564
11569
11575
11576
11582
11598
11605
11614
11623
11628
11630
11640
11644
11655
11658
11659
11667
11670
11674
11676
11680
11681
11685
11687
11689
11690
11711
11714
11720
11728
11734
11746
11753
11772
11775
11790
11792
11793
11796
11797
11800
11807
11813
11834
11840
11842
11853
11863
11877
11898
11900
11903
11910
11911
11912
11913
11917
11920
11921
11922
11926
11927
11933
11943
11950
11956
11959
11968
11970
11972
11980
11984
11991
12009
12010
12020
12023
12029
12032
12034
12038
12040
12046
12050
12051
12053
12061
12065
12071
12077
12092
12101
12106
12120
12132
12141
12145
12165
12179
12187
12205
12221
12223
12225
12226
12234
12260
12268
12279
12290
12301
12304
12309
12310
12314
12328
12331
12332
12334
12337
12347
12358
12360
12368
12372
12375
12379
12383
12391
12393
12404
12408
12417
12438
12448
12449
12458
12465
12469
12478
12482
12484
12485
12500
12501
12505
12508
12513
12517
12520
12538
12543
12573
12580
12582
12612
12628
12633
12645
12647
12659
12661
12665
12666
12669
12672
12693
12694
12734
12748
12752
12754
12755
12756
12780
12781
12785
12793
12797
12820
12823
12839
12843
12847
12857
12858
12873
12881
12883
12888
12892
12895
12911
12919
12920
12924
12936
12938
12939
12942
12943
12944
12945
12950
12954
12968
12977
12980
12983
12986
12990
12993
13010
13018
13022
13025
13027
13050
13056
13071
13072
13082
13084
13086
13095
13106
13110
13116
13124
13126
13128
13132
13136
13141
13146
13152
13154
13157
13160
13165
13175
13180
13191
13195
13202
13203
13208
13214
13216
13240
13241
13250
13256
13259
13261
13263
13274
13295
13307
13318
13325
13334
13342
13370
13382
13389
13391
13397
13398
13405
13406
13418
13421
13432
13436
13438
13445
13447
13458
13466
13467
13468
13492
13496
13507
13528
13531
13536
13539
13540
13551
13553
13555
13560
13564
13577
13579
13581
13599
13602
13610
13618
13631
13634
13641
13645
13649
13650
13651
13652
13655
13658
13664
13668
13672
13690
13695
13700
13702
13703
13704
13713
13714
13715
13717
13727
13728
13730
13731
13740
13741
13745
13756
13763
13766
13773
13809
13811
13813
13819
13822
13823
13825
13826
13828
13829
13835
13839
13840
13847
13853
13862
13867
13871
13875
13882
13890
13892
13900
13928
13931
13933
13934
13936
13938
13959
13965
13969
13978
13983
13991
13992
14000
14004
14007
14008
14022
14026
14034
14040
14061
14062
14067
14075
14077
14095
14098
14101
14109
14125
14126
14138
14145
14157
14160
14170
14171
14174
14175
14182
14183
14184
14198
14201
14207
14217
14218
14233
14242
14250
14252
14257
14259
14265
14266
14276
14282
14290
14292
14309
14315
14326
14336
14370
14398
14399
14408
14413
14419
14423
14434
14441
14442
14454
14456
14464
14468
14473
14475
14476
14477
14482
14486
14500
14508
14513
14514
14526
14531
14533
14534
14543
14545
14551
14553
14577
14579
14590
14592
14622
14624
14630
14646
14652
14654
14656
14659
14662
14671
14672
14681
14687
14694
14695
14713
14715
14725
14726
14740
14743
14748
14760
14764
14765
14775
14777
14782
14783
14785
14798
14810
14816
14824
14839
14853
14856
14857
14862
14899
14908
14922
14928
14934
14942
14947
14952
14956
14957
14970
14999
15008
15017
15020
15022
15023
15028
15031
15046
15051
15055
15056
15065
15066
15073
15078
15081
15082
15084
15098
15102
15116
15118
15121
15122
15124
15132
15135
15147
15157
15161
15185
15187
15199
15205
15207
15218
15219
15223
15226
15227
15234
15236
15238
15241
15253
15262
15281
15285
15287
15297
15321
15322
15323
15327
15330
15331
15339
15358
15359
15362
15371
15374
15399
15415
15425
15430
15434
15440
15445
15454
15462
15467
15471
15473
15474
15480
15490
15496
15506
15521
15526
15532
15545
15553
15555
15560
15567
15569
15577
15601
15603
15615
15619
15621
15627
15629
15635
15636
15679
15690
15694
15699
15704
15712
15721
15727
15729
15732
15741
15744
15761
15787
15790
15795
15803
15809
15810
15811
15816
15844
15849
15852
15856
15859
15862
15871
15878
15891
15926
15927
15929
15931
15940
15941
15952
15960
15967
15978
15985
15987
16005
16012
16013
16016
16022
16027
16032
16033
16036
16038
16039
16041
16042
16053
16085
16096
16102
16104
16108
16114
16120
16131
16138
16140
16142
16145
16148
16156
16158
16165
16172
16173
16179
16183
16200
16201
16211
16220
16221
16224
16237
16240
16247
16254
16258
16259
16261
16265
16268
16273
16277
16278
16293
16294
16306
16312
16315
16319
16324
16329
16333
16338
16352
16353
16358
16366
16383
16386
16389
16394
16395
16396
16397
16398
16412
16413
16424
16429
16438
16451
16454
16457
16463
16464
16466
16470
16493
16525
16538
16539
16543
16560
16561
16563
16566
16568
16573
16574
16577
16582
16604
16606
16619
16629
16636
16637
16643
16649
16652
16676
16678
16686
16687
16709
16712
16722
16739
16756
16773
16780
16782
16796
16800
16815
16819
16836
16840
16847
16851
16858
16873
16881
16891
16896
16901
16905
16913
16919
16920
16921
16923
16931
16936
16951
16955
16958
16970
16973
16975
16981
16982
16996
17014
17020
17029
17030
17031
17051
17053
17060
17064
17072
17075
17090
17096
17104
17106
17118
17120
17137
17138
17152
17160
17161
17197
17214
17217
17220
17222
17225
17238
17240
17242
17244
17250
17254
17270
17275
17277
17280
17282
17285
17290
17312
17324
17329
17352
17355
17362
17381
17383
17384
17391
17398
17400
17406
17411
17418
17419
17423
17435
17441
17442
17445
17453
17474
17484
17486
17507
17526
17540
17552
17556
17566
17567
17571
17585
17600
17635
17642
17645
17650
17662
17667
17668
17669
17672
17674
17685
17687
17692
17693
17694
17702
17707
17715
17723
17732
17739
17744
17746
17752
17762
17764
17786
17788
17791
17795
17798
17802
17813
17815
17820
17830
17834
17837
17845
17851
17855
17858
17864
17873
17875
17889
17897
17908
17937
17939
17964
17981
17982
17989
17999
18009
18011
18014
18015
18020
18023
18028
18029
18038
18041
18042
18047
18049
18054
18055
18063
18066
18067
18077
18078
18081
18087
18090
18094
18096
18097
18103
18106
18108
18120
18121
18125
18131
18146
18159
18160
18166
18173
18175
18180
18181
18200
18226
18228
18243
18246
18247
18251
18253
18257
18261
18266
18267
18268
18278
18283
18288
18297
18313
18314
18317
18333
18337
18340
18359
18360
18384
18386
18396
18406
18409
18422
18423
18427
18429
18436
18440
18452
18462
18481
18494
18500
18503
18519
18523
18539
18540
18542
18547
18549
18551
18558
18566
18569
18573
18587
18597
18603
18604
18616
18617
18618
18624
18628
18629
18647
18655
18659
18660
18678
18680
18709
18714
18715
18727
18735
18739
18743
18772
18783
18785
18787
18801
18810
18812
18833
18837
18839
18845
18853
18867
18874
18878
18885
18890
18897
18898
18906
18907
18915
18924
18932
18941
18950
18961
18966
18969
18976
18982
18992
18998
19000
19008
19012
19018
19019
19033
19039
19066
19073
19093
19095
19096
19097
19099
19103
19105
19111
19117
19119
19127
19130
19138
19144
19146
19147
19152
19161
19168
19170
19176
19187
19198
19199
19205
19212
19225
19232
19240
19246
19251
19279
19288
19291
19297
19298
19302
19305
19309
19317
19327
19335
19337
19351
19353
19361
19364
19371
19373
19375
19379
19381
19383
19385
19386
19391
19392
19401
19409
19417
19419
19424
19438
19451
19455
19459
19461
19465
19471
19478
19481
19489
19504
19508
19515
19518
19525
19532
19547
19554
19560
19568
19576
19579
19581
19583
19593
19594
19597
19612
19616
19636
19646
19652
19653
19656
19664
19670
19671
19684
19690
19695
19699
19706
19726
19735
19745
19764
19792
19806
19812
19826
19828
19834
19836
19848
19851
19853
19856
19863
19869
19873
19880
19883
19903
19907
19925
19934
19941
19947
19951
19956
19958
19963
19974
19984
19989
19990
19996
