0.835968911648 0.0 1.0 0.0
1.83596891165 0.0 1.0 0.0
2.83596891165 9.83687242097e-253 0.276107522623 71.3985699285
3.83596891165 0.0 0.308296357008 92.8896444822
4.83596891165 0.0 0.31622755811 97.0048502425
5.83596891165 0.0 0.319624668615 98.809940497
6.83596891165 0.0 0.315654514406 99.1799589979
7.83596891165 0.0 0.312261032808 99.204960248
8.83596891165 8.83207752874e-129 0.17678646168 99.5049752488
9.83596891165 3.25825744472e-142 0.18416715804 99.5549777489
10.8359689116 1.68524603349e-129 0.17597523154 99.7049852493
11.8359689116 9.35338003321e-128 0.173432994963 99.614980749
12.8359689116 7.48803124121e-132 0.176144734685 99.6299814991
13.8359689116 1.37001770288e-63 0.122381060548 99.6349817491
14.8359689116 6.58667967931e-41 0.0985453467836 99.7249862493
15.8359689116 8.93089969338e-33 0.088414514375 99.7349867493
16.8359689116 4.03687215384e-22 0.0716685361076 99.7049852493
17.8359689116 7.54266508358e-19 0.0645992474564 99.7299864993
18.8359689116 3.25086172452e-16 0.0597195316391 99.8949947497
19.8359689116 1.2076561094e-15 0.0586104193844 99.9149957498
20.8359689116 8.23296000709e-14 0.0548903927558 99.9149957498
21.8359689116 4.69118084248e-13 0.0532816491359 99.9149957498
22.8359689116 5.6169406509e-06 0.0347711488548 99.9749987499
23.8359689116 4.96138540654e-06 0.0349491577326 100.0
24.8359689116 0.0365554121359 0.0147838158261 99.7399869993
25.8359689116 0.236120302816 0.00837758559133 99.7699884994
26.8359689116 0.831002237247 0.00150911913486 99.8149907495
27.8359689116 1.0 0.0 99.7299864993
28.8359689116 1.0 0.0 99.7449872494
29.8359689116 1.0 0.0 99.9049952498
30.8359689116 1.0 0.0 99.9899995
31.8359689116 1.0 0.0 100.0
32.8359689116 1.0 0.0 100.0
33.8359689116 1.0 0.0 100.0
34.8359689116 1.0 0.0 100.0
35.8359689116 1.0 0.0 100.0
36.8359689116 1.0 0.0 100.0
37.8359689116 1.0 0.0 100.0
38.8359689116 1.0 0.0 100.0
39.8359689116 1.0 0.0 100.0
40.8359689116 1.0 0.0 100.0
41.8359689116 1.0 0.0 100.0
42.8359689116 1.0 0.0 100.0
43.8359689116 1.0 0.0 100.0
44.8359689116 1.0 0.0 100.0
