82.2723619909 1
82.6979161249 2
83.1234702589 1
83.549024393 2
83.974578527 4
84.400132661 7
84.825686795 11
85.251240929 13
85.6767950631 12
86.1023491971 19
86.5279033311 23
86.9534574651 23
87.3790115992 42
87.8045657332 37
88.2301198672 41
88.6556740012 69
89.0812281352 65
89.5067822693 92
89.9323364033 103
90.3578905373 132
90.7834446713 136
91.2089988053 154
91.6345529394 151
92.0601070734 170
92.4856612074 184
92.9112153414 200
93.3367694754 227
93.7623236095 258
94.1878777435 270
94.6134318775 303
95.0389860115 307
95.4645401456 301
95.8900942796 319
96.3156484136 378
96.7412025476 380
97.1667566816 382
97.5923108157 414
98.0178649497 402
98.4434190837 393
98.8689732177 434
99.2945273517 371
99.7200814858 385
100.14563562 433
100.571189754 386
100.996743888 446
101.422298022 377
101.847852156 404
102.27340629 365
102.698960424 389
103.124514558 361
103.550068692 319
103.975622826 318
104.40117696 344
104.826731094 323
105.252285228 280
105.677839362 291
106.103393496 260
106.52894763 244
106.954501764 227
107.380055898 194
107.805610032 186
108.231164166 154
108.6567183 181
109.082272434 159
109.507826568 132
109.933380702 139
110.358934836 116
110.78448897 105
111.210043104 107
111.635597238 108
112.061151372 78
112.486705506 64
112.91225964 61
113.337813774 63
113.763367908 46
114.188922042 46
114.614476176 56
115.040030311 32
115.465584445 34
115.891138579 23
116.316692713 18
116.742246847 20
117.167800981 15
117.593355115 10
118.018909249 13
118.444463383 7
118.870017517 3
119.295571651 7
119.721125785 4
120.146679919 4
120.572234053 0
120.997788187 5
121.423342321 4
121.848896455 1
122.274450589 0
122.700004723 1
123.125558857 1
123.551112991 0
123.976667125 0
124.402221259 1
