82.0383567499 3
82.4745546976 0
82.9107526452 1
83.3469505929 2
83.7831485405 3
84.2193464882 2
84.6555444358 7
85.0917423835 11
85.5279403311 12
85.9641382788 20
86.4003362264 16
86.8365341741 27
87.2727321217 24
87.7089300694 33
88.145128017 47
88.5813259647 53
89.0175239123 64
89.45372186 85
89.8899198076 92
90.3261177553 96
90.7623157029 100
91.1985136506 132
91.6347115982 149
92.0709095459 167
92.5071074935 192
92.9433054412 214
93.3795033888 227
93.8157013365 255
94.2518992841 260
94.6880972318 283
95.1242951794 321
95.5604931271 318
95.9966910747 329
96.4328890224 368
96.86908697 409
97.3052849177 402
97.7414828653 410
98.177680813 411
98.6138787606 449
99.0500767083 445
99.4862746559 406
99.9224726036 412
100.358670551 453
100.794868499 409
101.231066447 387
101.667264394 367
102.103462342 394
102.539660289 420
102.975858237 364
103.412056185 339
103.848254132 340
104.28445208 342
104.720650028 315
105.156847975 299
105.593045923 295
106.029243871 275
106.465441818 205
106.901639766 246
107.337837714 199
107.774035661 208
108.210233609 184
108.646431557 165
109.082629504 155
109.518827452 144
109.9550254 129
110.391223347 126
110.827421295 109
111.263619243 73
111.69981719 82
112.136015138 76
112.572213085 75
113.008411033 64
113.444608981 61
113.880806928 51
114.317004876 35
114.753202824 29
115.189400771 15
115.625598719 22
116.061796667 25
116.497994614 18
116.934192562 8
117.37039051 6
117.806588457 7
118.242786405 5
118.678984353 5
119.1151823 8
119.551380248 5
119.987578196 4
120.423776143 1
120.859974091 3
121.296172038 3
121.732369986 2
122.168567934 0
122.604765881 0
123.040963829 3
123.477161777 0
123.913359724 1
124.349557672 0
124.78575562 1
125.221953567 2
