2303
3
4
10
11
12
16
26
27
32
35
41
48
49
54
65
75
81
84
85
86
90
92
93
96
101
110
111
119
125
126
128
137
138
141
145
148
153
155
166
174
175
177
179
182
184
185
188
189
190
194
204
205
210
216
224
226
228
232
234
241
244
245
247
255
264
265
268
271
283
290
292
299
300
307
316
318
324
338
347
352
361
367
374
380
381
387
389
390
393
407
408
412
415
422
432
434
439
442
443
447
456
460
477
483
493
495
497
500
508
521
529
530
551
557
560
561
569
573
577
579
580
581
595
607
608
613
614
619
626
638
640
643
646
647
653
657
660
665
677
682
687
706
709
713
719
730
732
734
739
741
742
746
747
750
754
755
762
765
771
774
777
780
782
785
786
795
796
804
807
811
818
826
834
839
851
856
859
862
869
870
877
882
885
896
905
910
913
915
923
938
943
952
955
969
976
977
978
990
991
1002
1028
1030
1042
1045
1048
1052
1054
1056
1058
1073
1090
1093
1096
1098
1102
1112
1114
1116
1117
1122
1131
1134
1135
1136
1147
1148
1154
1155
1163
1164
1170
1173
1174
1181
1182
1189
1193
1195
1197
1208
1214
1217
1222
1239
1240
1241
1244
1248
1249
1252
1261
1265
1269
1272
1278
1279
1280
1281
1287
1292
1304
1309
1312
1315
1318
1326
1331
1332
1336
1340
1347
1370
1376
1377
1380
1382
1385
1388
1392
1397
1403
1405
1408
1412
1420
1428
1430
1431
1432
1439
1443
1448
1450
1452
1458
1459
1464
1466
1471
1472
1483
1488
1490
1493
1505
1508
1510
1511
1514
1518
1524
1525
1527
1528
1529
1533
1535
1540
1541
1544
1545
1546
1548
1549
1550
1553
1569
1574
1577
1578
1580
1581
1582
1585
1592
1595
1598
1600
1608
1612
1614
1618
1619
1620
1622
1623
1628
1630
1635
1647
1653
1663
1685
1697
1701
1709
1717
1723
1725
1733
1734
1753
1758
1759
1763
1767
1781
1786
1787
1788
1789
1802
1825
1827
1829
1835
1837
1849
1864
1865
1867
1874
1880
1881
1888
1891
1895
1899
1904
1913
1921
1924
1932
1943
1947
1952
1965
1969
1971
1974
1975
1976
1979
1985
1999
2002
2004
2008
2016
2019
2020
2023
2028
2030
2036
2039
2047
2048
2049
2053
2058
2063
2075
2081
2083
2089
2090
2094
2097
2098
2111
2113
2115
2117
2124
2128
2130
2134
2137
2139
2143
2152
2159
2162
2163
2168
2169
2172
2176
2182
2188
2190
2199
2200
2201
2206
2209
2215
2219
2222
2229
2233
2239
2245
2250
2256
2269
2271
2287
2288
2297
2307
2311
2325
2327
2328
2333
2337
2341
2346
2347
2351
2354
2355
2356
2360
2362
2364
2373
2376
2381
2389
2410
2411
2412
2414
2418
2420
2434
2436
2439
2443
2444
2452
2456
2460
2461
2465
2466
2484
2487
2488
2497
2500
2507
2523
2529
2532
2536
2537
2539
2544
2559
2564
2569
2571
2574
2575
2581
2584
2588
2592
2595
2600
2607
2616
2617
2619
2624
2626
2637
2638
2651
2655
2656
2659
2664
2665
2676
2685
2686
2697
2698
2699
2700
2703
2706
2716
2719
2722
2726
2732
2735
2740
2746
2755
2756
2770
2774
2776
2782
2783
2799
2800
2805
2806
2807
2810
2817
2818
2825
2830
2834
2836
2844
2852
2862
2882
2883
2884
2891
2893
2902
2912
2916
2922
2923
2924
2929
2930
2934
2937
2951
2959
2960
2964
2965
2969
2974
2976
2977
2986
2988
2997
3003
3005
3019
3021
3023
3027
3030
3032
3037
3045
3046
3053
3059
3076
3080
3084
3086
3087
3091
3100
3102
3104
3111
3121
3123
3128
3132
3140
3145
3147
3150
3151
3153
3166
3172
3175
3178
3180
3186
3195
3203
3204
3210
3218
3220
3225
3227
3233
3237
3238
3240
3257
3270
3277
3278
3279
3281
3292
3297
3299
3300
3301
3306
3312
3319
3325
3326
3328
3331
3336
3342
3355
3361
3363
3401
3404
3407
3410
3417
3418
3441
3442
3444
3446
3448
3454
3455
3459
3460
3464
3471
3472
3473
3481
3487
3491
3497
3505
3510
3516
3521
3528
3535
3548
3553
3554
3555
3560
3579
3581
3586
3587
3591
3593
3594
3608
3610
3617
3638
3662
3671
3675
3677
3680
3684
3690
3695
3706
3707
3724
3728
3729
3730
3734
3739
3744
3747
3751
3763
3771
3774
3779
3789
3797
3803
3807
3825
3837
3845
3854
3861
3869
3870
3872
3873
3878
3879
3891
3899
3901
3921
3923
3932
3933
3939
3941
3942
3954
3957
3958
3961
3963
3964
3967
3970
3971
3973
3984
3995
4007
4008
4009
4012
4015
4020
4026
4037
4039
4042
4046
4048
4059
4066
4074
4083
4084
4089
4092
4100
4102
4103
4107
4112
4113
4119
4122
4126
4127
4128
4129
4130
4134
4138
4139
4152
4154
4159
4160
4167
4179
4185
4192
4198
4200
4211
4212
4215
4216
4222
4226
4235
4240
4242
4255
4267
4274
4276
4291
4302
4306
4310
4311
4312
4313
4334
4338
4339
4341
4354
4356
4366
4370
4373
4381
4388
4391
4393
4395
4399
4400
4404
4410
4422
4423
4426
4448
4454
4458
4461
4463
4466
4467
4469
4479
4483
4484
4489
4492
4496
4497
4498
4503
4505
4506
4513
4514
4528
4540
4562
4569
4573
4574
4583
4590
4601
4607
4609
4614
4615
4625
4630
4632
4637
4639
4641
4651
4666
4673
4675
4688
4706
4707
4710
4721
4723
4729
4730
4737
4738
4741
4744
4746
4748
4754
4755
4757
4759
4765
4772
4773
4778
4780
4784
4789
4794
4801
4805
4809
4811
4816
4819
4822
4823
4824
4825
4832
4834
4841
4843
4848
4849
4854
4861
4876
4877
4881
4882
4886
4890
4895
4898
4900
4903
4912
4913
4923
4925
4941
4946
4948
4963
4964
4969
4978
4981
4992
4999
5002
5003
5004
5005
5011
5012
5013
5017
5019
5023
5024
5030
5034
5035
5038
5040
5045
5049
5051
5053
5064
5065
5086
5103
5104
5107
5115
5118
5124
5133
5141
5145
5155
5161
5162
5163
5172
5177
5179
5180
5187
5190
5198
5199
5202
5212
5217
5219
5220
5237
5241
5242
5252
5256
5259
5260
5267
5271
5275
5286
5287
5297
5302
5305
5307
5311
5312
5328
5331
5332
5338
5342
5374
5375
5377
5387
5397
5411
5412
5418
5419
5425
5427
5442
5446
5451
5453
5465
5467
5468
5474
5480
5490
5506
5508
5522
5524
5525
5538
5543
5545
5550
5554
5555
5557
5558
5559
5563
5564
5568
5569
5586
5593
5611
5619
5620
5624
5625
5630
5632
5648
5654
5657
5658
5665
5671
5675
5677
5683
5691
5693
5696
5726
5730
5740
5746
5747
5748
5749
5751
5755
5760
5762
5764
5766
5769
5772
5777
5782
5800
5802
5806
5811
5818
5819
5822
5824
5835
5839
5841
5842
5844
5846
5854
5855
5858
5865
5867
5869
5873
5878
5879
5881
5886
5890
5893
5894
5905
5906
5918
5923
5931
5932
5934
5938
5947
5948
5951
5952
5954
5960
5966
5983
5984
5985
5986
5987
5992
5993
5997
6005
6006
6009
6012
6015
6025
6029
6032
6033
6035
6036
6040
6045
6055
6060
6063
6065
6068
6073
6078
6089
6090
6097
6101
6120
6121
6127
6133
6134
6137
6139
6143
6147
6153
6157
6161
6165
6168
6173
6176
6186
6190
6191
6196
6198
6209
6210
6218
6222
6233
6235
6241
6250
6254
6257
6258
6260
6262
6263
6270
6271
6272
6275
6280
6281
6286
6290
6292
6298
6306
6310
6311
6313
6314
6319
6322
6332
6333
6342
6348
6351
6354
6356
6366
6368
6377
6384
6391
6393
6396
6400
6401
6402
6404
6406
6411
6414
6417
6421
6427
6429
6431
6435
6452
6459
6467
6474
6477
6484
6490
6496
6498
6503
6504
6505
6509
6511
6513
6521
6533
6536
6537
6538
6540
6545
6569
6572
6573
6576
6577
6585
6589
6591
6597
6606
6623
6627
6635
6636
6638
6640
6641
6656
6660
6670
6672
6674
6677
6678
6684
6686
6689
6690
6691
6695
6699
6701
6705
6713
6715
6723
6724
6730
6737
6745
6746
6750
6752
6755
6761
6769
6784
6790
6791
6792
6796
6797
6799
6800
6803
6806
6812
6815
6841
6857
6866
6869
6885
6889
6890
6892
6899
6907
6917
6918
6921
6926
6931
6932
6935
6936
6937
6943
6945
6969
6977
6988
6990
6997
7005
7007
7011
7014
7018
7019
7026
7038
7048
7050
7053
7056
7059
7077
7086
7098
7103
7105
7113
7120
7125
7127
7144
7145
7153
7156
7160
7162
7163
7164
7171
7174
7189
7191
7204
7214
7225
7227
7242
7245
7247
7249
7254
7264
7266
7268
7270
7278
7279
7286
7292
7294
7295
7298
7299
7305
7309
7312
7321
7326
7327
7332
7338
7362
7373
7376
7378
7379
7384
7385
7395
7397
7403
7409
7415
7417
7419
7423
7427
7439
7451
7456
7467
7468
7469
7470
7472
7473
7474
7481
7482
7488
7489
7493
7494
7496
7505
7510
7520
7531
7537
7542
7546
7548
7549
7553
7555
7556
7564
7565
7578
7583
7586
7588
7594
7596
7599
7610
7611
7616
7617
7618
7623
7625
7628
7636
7639
7647
7651
7654
7670
7671
7675
7687
7698
7700
7703
7704
7715
7726
7732
7740
7743
7747
7754
7756
7757
7763
7769
7772
7773
7778
7780
7785
7787
7793
7795
7804
7807
7817
7818
7821
7830
7832
7840
7848
7853
7854
7858
7860
7864
7870
7874
7886
7890
7893
7894
7906
7908
7914
7922
7923
7926
7930
7938
7943
7946
7950
7954
7956
7959
7962
7964
7968
7977
7981
7985
7991
7995
7998
8004
8005
8007
8009
8010
8011
8013
8014
8023
8027
8028
8030
8037
8048
8050
8051
8053
8054
8057
8062
8064
8065
8067
8080
8097
8106
8114
8116
8120
8123
8130
8133
8135
8136
8137
8150
8156
8173
8175
8180
8187
8194
8195
8196
8200
8203
8207
8208
8211
8212
8223
8226
8228
8229
8235
8241
8249
8250
8259
8272
8274
8276
8288
8294
8300
8301
8313
8317
8320
8324
8325
8327
8329
8351
8357
8360
8362
8368
8370
8374
8376
8378
8379
8395
8403
8404
8408
8412
8423
8431
8432
8437
8443
8445
8458
8460
8462
8476
8477
8480
8483
8489
8498
8500
8501
8502
8503
8505
8506
8510
8515
8520
8521
8526
8527
8536
8539
8541
8543
8545
8547
8560
8562
8563
8564
8578
8580
8587
8591
8595
8597
8604
8607
8617
8621
8622
8625
8626
8637
8640
8651
8655
8672
8683
8691
8694
8698
8706
8708
8711
8720
8725
8726
8728
8730
8732
8753
8754
8756
8787
8791
8798
8799
8802
8803
8809
8811
8818
8834
8835
8837
8842
8854
8861
8863
8869
8871
8873
8874
8895
8904
8905
8908
8910
8913
8920
8927
8929
8930
8937
8939
8941
8944
8949
8951
8955
8963
8971
8988
8996
8998
9009
9018
9026
9031
9035
9036
9046
9047
9049
9050
9053
9054
9055
9058
9064
9082
9083
9091
9092
9094
9107
9111
9141
9144
9146
9156
9161
9163
9177
9180
9193
9201
9210
9211
9218
9219
9228
9237
9240
9245
9247
9249
9251
9253
9255
9263
9264
9266
9267
9280
9287
9289
9291
9294
9304
9306
9308
9310
9315
9319
9321
9322
9326
9330
9334
9342
9346
9352
9354
9355
9362
9369
9370
9390
9394
9401
9407
9414
9436
9440
9441
9442
9455
9470
9481
9485
9487
9489
9492
9500
9507
9508
9509
9515
9516
9524
9531
9544
9547
9551
9552
9555
9556
9561
9571
9574
9577
9584
9590
9592
9593
9595
9608
9610
9611
9639
9655
9661
9663
9666
9667
9669
9674
9675
9681
9686
9688
9689
9693
9699
9702
9703
9705
9715
9728
9731
9732
9742
9750
9754
9755
9760
9762
9779
9785
9787
9791
9792
9799
9801
9805
9818
9819
9820
9824
9830
9833
9837
9839
9844
9845
9849
9855
9856
9863
9865
9869
9882
9895
9897
9899
9900
9906
9908
9913
9916
9927
9931
9934
9936
9942
9948
9955
9967
9971
9974
9977
9986
9987
9994
10003
10006
10009
10011
10017
10022
10035
10042
10046
10050
10074
10075
10077
10082
10083
10089
10094
10095
10100
10104
10106
10110
10111
10115
10120
10124
10125
10126
10128
10131
10134
10138
10139
10140
10143
10144
10153
10162
10164
10165
10166
10168
10177
10178
10182
10184
10185
10191
10194
10196
10199
10200
10202
10208
10209
10210
10214
10218
10219
10228
10229
10243
10253
10254
10257
10258
10260
10265
10266
10269
10277
10281
10285
10294
10295
10297
10298
10302
10305
10309
10322
10324
10328
10329
10331
10346
10362
10364
10379
10382
10388
10391
10395
10404
10409
10414
10419
10421
10426
10434
10447
10450
10460
10461
10465
10473
10490
10497
10501
10505
10507
10509
10513
10514
10518
10520
10529
10531
10540
10547
10548
10552
10554
10567
10571
10573
10578
10584
10596
10601
10602
10609
10612
10615
10616
10618
10620
10623
10624
10642
10647
10651
10655
10658
10659
10666
10667
10668
10672
10685
10686
10693
10697
10703
10710
10721
10723
10732
10733
10742
10746
10756
10759
10760
10765
10766
10770
10777
10778
10781
10784
10789
10791
10797
10804
10809
10814
10817
10831
10842
10843
10844
10849
10854
10855
10856
10857
10859
10866
10869
10876
10884
10889
10896
10901
10903
10904
10924
10926
10934
10936
10943
10944
10945
10953
10957
10963
10968
10977
10984
10988
10991
10993
11004
11009
11015
11018
11020
11028
11029
11032
11044
11046
11047
11049
11050
11054
11055
11066
11068
11072
11075
11076
11077
11086
11087
11099
11104
11105
11107
11109
11110
11116
11119
11120
11124
11125
11129
11131
11132
11136
11140
11152
11154
11155
11156
11157
11159
11161
11166
11167
11170
11174
11175
11176
11181
11184
11191
11195
11205
11208
11210
11212
11214
11216
11218
11225
11226
11231
11234
11237
11240
11244
11246
11252
11260
11265
11271
11275
11299
11302
11305
11308
11311
11314
11317
11329
11333
11339
11349
11350
11359
11360
11361
11373
11374
11375
11381
11390
11407
11412
11415
11422
11423
11431
11432
11433
11440
11450
11452
11465
11469
11470
11473
11481
11483
11486
11489
11491
11492
11503
11508
11510
11517
11523
11535
11536
11561
11572
11580
11584
11590
11592
11603
11615
11617
11620
11631
11633
11637
11643
11654
11671
11674
11683
11699
11700
11710
11714
11723
11725
11731
11732
11739
11741
11742
11744
11745
11757
11760
11762
11773
11779
11786
11801
11802
11804
11808
11810
11811
11815
11816
11826
11836
11838
11842
11843
11844
11852
11862
11864
11877
11884
11890
11898
11900
11904
11907
11909
11917
11918
11926
11931
11939
11941
11944
11946
11952
11955
11958
11964
11965
11967
11968
11969
11980
11985
11991
11995
12000
12007
12010
12019
12021
12022
12023
12031
12041
12047
12048
12065
12073
12075
12077
12087
12088
12089
12090
12095
12098
12106
12109
12110
12121
12122
12139
12140
12143
12150
12154
12155
12156
12158
12166
12169
12194
12200
12202
12205
12212
12214
12217
12223
12225
12228
12230
12231
12246
12247
12251
12252
12256
12262
12271
12272
12279
12284
12286
12290
12292
12295
12303
12305
12310
12313
12314
12320
12321
12327
12340
12341
12347
12351
12376
12377
12393
12401
12415
12417
12431
12434
12438
12446
12447
12448
12452
12455
12457
12458
12461
12474
12477
12479
12486
12488
12489
12498
12505
12512
12513
12530
12537
12544
12548
12550
12551
12554
12555
12559
12565
12571
12573
12575
12577
12582
12596
12609
12619
12632
12644
12647
12652
12653
12654
12667
12670
12690
12693
12696
12698
12703
12704
12708
12712
12716
12734
12749
12760
12781
12795
12802
12811
12812
12816
12819
12820
12821
12822
12824
12827
12836
12837
12840
12844
12846
12847
12848
12853
12859
12870
12874
12877
12878
12890
12895
12896
12901
12916
12922
12929
12936
12937
12945
12949
12960
12963
12967
12974
12976
12978
12982
12986
12988
12990
12991
12998
13004
13005
13006
13008
13028
13035
13039
13040
13043
13048
13049
13053
13055
13056
13057
13075
13078
13095
13096
13101
13108
13112
13113
13118
13120
13121
13123
13125
13127
13131
13156
13157
13158
13159
13164
13169
13172
13177
13179
13195
13197
13206
13207
13209
13212
13216
13218
13219
13237
13238
13250
13252
13254
13255
13260
13261
13264
13266
13270
13273
13278
13282
13283
13286
13298
13300
13302
13303
13308
13328
13335
13342
13345
13351
13355
13374
13381
13387
13388
13400
13403
13405
13406
13409
13413
13418
13426
13435
13437
13438
13440
13441
13442
13454
13456
13457
13465
13473
13475
13481
13499
13515
13521
13529
13534
13535
13536
13557
13559
13564
13567
13578
13593
13594
13601
13609
13615
13616
13620
13623
13626
13627
13628
13632
13634
13636
13637
13641
13645
13649
13651
13660
13662
13664
13665
13673
13674
13677
13679
13683
13699
13704
13706
13709
13715
13719
13735
13738
13741
13746
13747
13748
13771
13776
13777
13778
13785
13786
13787
13788
13790
13802
13806
13826
13833
13834
13844
13848
13851
13852
13855
13862
13863
13865
13866
13867
13868
13874
13879
13881
13886
13891
13901
13905
13908
13918
13922
13929
13933
13935
13942
13943
13944
13945
13962
13965
13979
13988
13993
13994
13995
13999
14003
14004
14010
14017
14024
14034
14038
14041
14050
14053
14059
14060
14063
14065
14066
14072
14074
14078
14101
14103
14105
14111
14115
14118
14120
14125
14126
14127
14128
14134
14139
14146
14148
14162
14164
14165
14175
14180
14181
14191
14194
14197
14215
14217
14219
14222
14223
14229
14230
14239
14240
14245
14246
14254
14264
14271
14276
14277
14281
14291
14300
14314
14323
14328
14335
14339
14341
14343
14350
14353
14362
14363
14364
14367
14374
14378
14381
14385
14388
14393
14399
14413
14415
14425
14430
14434
14436
14448
14462
14470
14471
14481
14490
14494
14498
14499
14500
14504
14507
14508
14510
14512
14519
14530
14535
14536
14537
14539
14541
14542
14544
14551
14556
14559
14562
14565
14570
14573
14578
14591
14595
14611
14625
14630
14641
14644
14646
14648
14652
14655
14662
14670
14673
14674
14675
14679
14682
14686
14693
14697
14703
14704
14727
14729
14732
14733
14734
14737
14743
14752
14765
14771
14776
14779
14783
14789
14805
14807
14817
14818
14821
14829
14832
14839
14841
14852
14863
14864
14871
14872
14880
14891
14892
14895
14896
14914
14922
14930
14931
14941
14942
14944
14949
14950
14957
14959
14972
14978
14979
14983
14986
14997
15005
15007
15010
15013
15021
15029
15031
15035
15037
15038
15063
15065
15071
15075
15082
15083
15084
15088
15093
15094
15095
15100
15121
15122
15136
15153
15170
15171
15186
15187
15189
15193
15194
15200
15201
15207
15209
15213
15215
15225
15231
15232
15235
15239
15250
15253
15255
15258
15259
15273
15278
15286
15289
15307
15310
15314
15316
15317
15321
15335
15341
15342
15344
15345
15352
15356
15359
15360
15361
15364
15366
15368
15370
15386
15389
15391
15394
15399
15406
15408
15410
15414
15419
15422
15426
15433
15437
15440
15445
15448
15455
15456
15458
15465
15471
15472
15475
15478
15488
15489
15495
15502
15505
15506
15512
15516
15526
15534
15547
15552
15558
15567
15568
15583
15605
15609
15610
15615
15616
15621
15629
15631
15633
15638
15644
15651
15666
15671
15673
15674
15679
15694
15698
15700
15708
15710
15717
15720
15725
15730
15734
15737
15738
15740
15742
15745
15753
15754
15764
15769
15773
15788
15796
15810
15813
15820
15821
15830
15831
15834
15849
15877
15880
15890
15902
15909
15915
15927
15928
15930
15933
15952
15954
15962
15963
15970
15971
15972
15974
15975
15979
15981
15982
15987
15993
15995
15996
16015
16017
16024
16029
16032
16052
16062
16065
16069
16073
16084
16092
16095
16111
16117
16129
16136
16138
16142
16151
16155
16167
16168
16170
16173
16181
16185
16200
16205
16220
16222
16223
16228
16233
16243
16245
16246
16253
16264
16265
16270
16271
16274
16281
16285
16290
16292
16300
16301
16304
16305
16318
16319
16321
16322
16331
16343
16346
16349
16351
16358
16366
16367
16372
16375
16399
16401
16403
16404
16407
16417
16433
16445
16452
16454
16465
16468
16471
16472
16479
16485
16486
16502
16503
16526
16528
16535
16536
16538
16545
16554
16558
16561
16565
16591
16596
16597
16603
16604
16605
16610
16612
16615
16616
16620
16628
16629
16633
16641
16643
16646
16656
16659
16666
16671
16674
16675
16684
16687
16689
16694
16699
16707
16713
16716
16749
16755
16757
16760
16762
16763
16771
16777
16781
16782
16790
16795
16796
16797
16812
16815
16816
16830
16837
16839
16841
16845
16849
16850
16852
16859
16860
16863
16865
16866
16883
16887
16889
16898
16900
16909
16915
16921
16925
16928
16929
16932
16934
16938
16943
16944
16945
16955
16956
16957
16959
16964
16980
16986
16989
16993
16997
17000
17003
17008
17009
17011
17013
17017
17021
17023
17024
17030
17036
17040
17049
17059
17062
17065
17069
17070
17096
17114
17122
17131
17140
17145
17147
17156
17160
17165
17166
17169
17173
17176
17193
17198
17202
17204
17205
17212
17215
17218
17220
17221
17225
17227
17231
17235
17239
17251
17254
17260
17261
17266
17270
17271
17281
17284
17285
17287
17290
17304
17307
17308
17312
17314
17325
17329
17340
17342
17343
17344
17349
17350
17354
17357
17366
17367
17377
17378
17380
17383
17385
17386
17404
17405
17408
17429
17431
17456
17462
17464
17465
17466
17467
17468
17469
17470
17471
17486
17496
17511
17512
17516
17521
17523
17525
17532
17533
17543
17546
17547
17552
17553
17554
17561
17566
17570
17578
17592
17593
17594
17604
17606
17610
17611
17612
17619
17629
17637
17643
17653
17664
17675
17678
17680
17682
17686
17703
17717
17721
17725
17730
17741
17742
17744
17746
17754
17758
17760
17761
17763
17764
17768
17775
17779
17780
17785
17797
17799
17802
17803
17805
17807
17808
17811
17812
17816
17818
17823
17834
17836
17837
17841
17853
17856
17862
17868
17875
17884
17885
17890
17891
17892
17894
17897
17906
17922
17934
17938
17949
17954
17962
17966
17968
17969
17975
17980
17982
17983
17998
18003
18013
18017
18018
18020
18025
18030
18033
18042
18045
18050
18051
18053
18055
18056
18062
18063
18073
18074
18088
18095
18101
18107
18129
18130
18139
18141
18148
18153
18161
18168
18174
18176
18179
18182
18186
18187
18192
18200
18207
18214
18219
18226
18244
18247
18248
18261
18269
18282
18291
18293
18298
18302
18312
18317
18327
18328
18331
18333
18338
18346
18355
18363
18368
18372
18377
18380
18388
18389
18390
18392
18394
18395
18398
18399
18403
18410
18414
18416
18424
18427
18430
18441
18442
18448
18455
18460
18472
18479
18486
18491
18494
18510
18511
18513
18515
18516
18518
18524
18528
18529
18534
18542
18550
18562
18571
18577
18586
18587
18592
18601
18607
18612
18623
18626
18627
18640
18644
18648
18649
18650
18659
18665
18671
18672
18673
18680
18681
18685
18689
18690
18704
18716
18717
18721
18722
18724
18729
18730
18731
18732
18745
18746
18748
18749
18752
18763
18771
18772
18788
18792
18793
18794
18800
18811
18817
18821
18824
18832
18837
18841
18853
18855
18858
18863
18869
18877
18879
18880
18883
18886
18887
18894
18900
18910
18917
18920
18922
18923
18924
18927
18929
18938
18945
18949
18954
18959
18962
18963
18964
18967
18968
18977
18985
18992
18995
18999
19002
19005
19006
19008
19016
19017
19018
19030
19035
19042
19043
19046
19056
19059
19061
19065
19068
19071
19077
19084
19085
19090
19101
19114
19115
19128
19134
19140
19146
19149
19153
19156
19161
19168
19174
19181
19187
19192
19193
19195
19202
19210
19215
19216
19218
19219
19222
19223
19227
19233
19236
19238
19247
19252
19253
19274
19275
19278
19281
19284
19286
19288
19290
19294
19295
19302
19303
19308
19309
19319
19320
19325
19330
19333
19338
19341
19343
19349
19353
19368
19369
19370
19374
19376
19384
19385
19391
19394
19395
19402
19403
19408
19413
19415
19419
19421
19424
19431
19445
19470
19482
19487
19489
19493
19494
19496
19505
19508
19509
19527
19529
19538
19544
19548
19550
19556
19557
19562
19565
19578
19595
19596
19599
19601
19611
19620
19623
19643
19654
19660
19661
19667
19668
19669
19678
19682
19683
19685
19686
19687
19695
19702
19704
19713
19714
19717
19722
19724
19731
19744
19762
19765
19768
19769
19772
19774
19782
19785
19792
19793
19802
19804
19830
19831
19840
19845
19858
19860
19863
19866
19870
19872
19874
19881
19899
19912
19923
19924
19925
19926
19930
19931
19932
19937
19942
19947
19953
19955
19958
19963
19971
19972
19973
