9942
9948
9955
9967
9971
9974
9977
9986
9987
9994
10003
10006
10009
10011
10017
10022
10035
10042
10046
10050
10074
10075
10077
10082
10083
10089
10094
10095
10100
10104
10106
10110
10111
10115
10120
10124
10125
10126
10128
10131
10134
10138
10139
10140
10143
10144
10153
10162
10164
10165
10166
10168
10177
10178
10182
10184
10185
10191
10194
10196
10199
10200
10202
10208
10209
10210
10214
10218
10219
10228
10229
10243
10253
10254
10257
10258
10260
10265
10266
10269
10277
10281
10285
10294
10295
10297
10298
10302
10305
10309
10322
10324
10328
10329
10331
10346
10362
10364
10379
10382
10388
10391
10395
10404
10409
10414
10419
10421
10426
10434
10447
10450
10460
10461
10465
10473
10490
10497
10501
10505
10507
10509
10513
10514
10518
10520
10529
10531
10540
10547
10548
10552
10554
10567
10571
10573
10578
10584
10596
10601
10602
10609
10612
10615
10616
10618
10620
10623
10624
10642
10647
10651
10655
10658
10659
10666
10667
10668
10672
10685
10686
10693
10697
10703
10710
10721
10723
10732
10733
10742
10746
10756
10759
10760
10765
10766
10770
10777
10778
10781
10784
10789
10791
10797
10804
10809
10814
10817
10831
10842
10843
10844
10849
10854
10855
10856
10857
10859
10866
10869
10876
10884
10889
10896
10901
10903
10904
10924
10926
10934
10936
10943
10944
10945
10953
10957
10963
10968
10977
10984
10988
10991
10993
11004
11009
11015
11018
11020
11028
11029
11032
11044
11046
11047
11049
11050
11054
11055
11066
11068
11072
11075
11076
11077
11086
11087
11099
11104
11105
11107
11109
11110
11116
11119
11120
11124
11125
11129
11131
11132
11136
11140
11152
11154
11155
11156
11157
11159
11161
11166
11167
11170
11174
11175
11176
11181
11184
11191
11195
11205
11208
11210
11212
11214
11216
11218
11225
11226
11231
11234
11237
11240
11244
11246
11252
11260
11265
11271
11275
11299
11302
11305
11308
11311
11314
11317
11329
11333
11339
11349
11350
11359
11360
11361
11373
11374
11375
11381
11390
11407
11412
11415
11422
11423
11431
11432
11433
11440
11450
11452
11465
11469
11470
11473
11481
11483
11486
11489
11491
11492
11503
11508
11510
11517
11523
11535
11536
11561
11572
11580
11584
11590
11592
11603
11615
11617
11620
11631
11633
11637
11643
11654
11671
11674
11683
11699
11700
11710
11714
11723
11725
11731
11732
11739
11741
11742
11744
11745
11757
11760
11762
11773
11779
11786
11801
11802
11804
11808
11810
11811
11815
11816
11826
11836
11838
11842
11843
11844
11852
11862
11864
11877
11884
11890
11898
11900
11904
11907
11909
11917
11918
11926
11931
11939
11941
11944
11946
11952
11955
11958
11964
11965
11967
11968
11969
11980
11985
11991
11995
12000
12007
12010
12019
12021
12022
12023
12031
12041
12047
12048
12065
12073
12075
12077
12087
12088
12089
12090
12095
12098
12106
12109
12110
12121
12122
12139
12140
12143
12150
12154
12155
12156
12158
12166
12169
12194
12200
12202
12205
12212
12214
12217
12223
12225
12228
12230
12231
12246
12247
12251
12252
12256
12262
12271
12272
12279
12284
12286
12290
12292
12295
12303
12305
12310
12313
12314
12320
12321
12327
12340
12341
12347
12351
12376
12377
12393
12401
12415
12417
12431
12434
12438
12446
12447
12448
12452
12455
12457
12458
12461
12474
12477
12479
12486
12488
12489
12498
12505
12512
12513
12530
12537
12544
12548
12550
12551
12554
12555
12559
12565
12571
12573
12575
12577
12582
12596
12609
12619
12632
12644
12647
12652
12653
12654
12667
12670
12690
12693
12696
12698
12703
12704
12708
12712
12716
12734
12749
12760
12781
12795
12802
12811
12812
12816
12819
12820
12821
12822
12824
12827
12836
12837
12840
12844
12846
12847
12848
12853
12859
12870
12874
12877
12878
12890
12895
12896
12901
12916
12922
12929
12936
12937
12945
12949
12960
12963
12967
12974
12976
12978
12982
12986
12988
12990
12991
12998
13004
13005
13006
13008
13028
13035
13039
13040
13043
13048
13049
13053
13055
13056
13057
13075
13078
13095
13096
13101
13108
13112
13113
13118
13120
13121
13123
13125
13127
13131
13156
13157
13158
13159
13164
13169
13172
13177
13179
13195
13197
13206
13207
13209
13212
13216
13218
13219
13237
13238
13250
13252
13254
13255
13260
13261
13264
13266
13270
13273
13278
13282
13283
13286
13298
13300
13302
13303
13308
13328
13335
13342
13345
13351
13355
13374
13381
13387
13388
13400
13403
13405
13406
13409
13413
13418
13426
13435
13437
13438
13440
13441
13442
13454
13456
13457
13465
13473
13475
13481
13499
13515
13521
13529
13534
13535
13536
13557
13559
13564
13567
13578
13593
13594
13601
13609
13615
13616
13620
13623
13626
13627
13628
13632
13634
13636
13637
13641
13645
13649
13651
13660
13662
13664
13665
13673
13674
13677
13679
13683
13699
13704
13706
13709
13715
13719
13735
13738
13741
13746
13747
13748
13771
13776
13777
13778
13785
13786
13787
13788
13790
13802
13806
13826
13833
13834
13844
13848
13851
13852
13855
13862
13863
13865
13866
13867
13868
13874
13879
13881
13886
13891
13901
13905
13908
13918
13922
13929
13933
13935
13942
13943
13944
13945
13962
13965
13979
13988
13993
13994
13995
13999
14003
14004
14010
14017
14024
14034
14038
14041
14050
14053
14059
14060
14063
14065
14066
14072
14074
14078
14101
14103
14105
14111
14115
14118
14120
14125
14126
14127
14128
14134
14139
14146
14148
14162
14164
14165
14175
14180
14181
14191
14194
14197
14215
14217
14219
14222
14223
14229
14230
14239
14240
14245
14246
14254
14264
14271
14276
14277
14281
14291
14300
14314
14323
14328
14335
14339
14341
14343
14350
14353
14362
14363
14364
14367
14374
14378
14381
14385
14388
14393
14399
14413
14415
14425
14430
14434
14436
14448
14462
14470
14471
14481
14490
14494
14498
14499
14500
14504
14507
14508
14510
14512
14519
14530
14535
14536
14537
14539
14541
14542
14544
14551
14556
14559
14562
14565
14570
14573
14578
14591
14595
14611
14625
14630
14641
14644
14646
14648
14652
14655
14662
14670
14673
14674
14675
14679
14682
14686
14693
14697
14703
14704
14727
14729
14732
14733
14734
14737
14743
14752
14765
14771
14776
14779
14783
14789
14805
14807
14817
14818
14821
14829
14832
14839
14841
14852
14863
14864
14871
14872
14880
14891
14892
14895
14896
14914
14922
14930
14931
14941
14942
14944
14949
14950
14957
14959
14972
14978
14979
14983
14986
14997
15005
15007
15010
15013
15021
15029
15031
15035
15037
15038
15063
15065
15071
15075
15082
15083
15084
15088
15093
15094
15095
15100
15121
15122
15136
15153
15170
15171
15186
15187
15189
15193
15194
15200
15201
15207
15209
15213
15215
15225
15231
15232
15235
15239
15250
15253
15255
15258
15259
15273
15278
15286
15289
15307
15310
15314
15316
15317
15321
15335
15341
15342
15344
15345
15352
15356
15359
15360
15361
15364
15366
15368
15370
15386
15389
15391
15394
15399
15406
15408
15410
15414
15419
15422
15426
15433
15437
15440
15445
15448
15455
15456
15458
15465
15471
15472
15475
15478
15488
15489
15495
15502
15505
15506
15512
15516
15526
15534
15547
15552
15558
15567
15568
15583
15605
15609
15610
15615
15616
15621
15629
15631
15633
15638
15644
15651
15666
15671
15673
15674
15679
15694
15698
15700
15708
15710
15717
15720
15725
15730
15734
15737
15738
15740
15742
15745
15753
15754
15764
15769
15773
15788
15796
15810
15813
15820
15821
15830
15831
15834
15849
15877
15880
15890
15902
15909
15915
15927
15928
15930
15933
15952
15954
15962
15963
15970
15971
15972
15974
15975
15979
15981
15982
15987
15993
15995
15996
16015
16017
16024
16029
16032
16052
16062
16065
16069
16073
16084
16092
16095
16111
16117
16129
16136
16138
16142
16151
16155
16167
16168
16170
16173
16181
16185
16200
16205
16220
16222
16223
16228
16233
16243
16245
16246
16253
16264
16265
16270
16271
16274
16281
16285
16290
16292
16300
16301
16304
16305
16318
16319
16321
16322
16331
16343
16346
16349
16351
16358
16366
16367
16372
16375
16399
16401
16403
16404
16407
16417
16433
16445
16452
16454
16465
16468
16471
16472
16479
16485
16486
16502
16503
16526
16528
16535
16536
16538
16545
16554
16558
16561
16565
16591
16596
16597
16603
16604
16605
16610
16612
16615
16616
16620
16628
16629
16633
16641
16643
16646
16656
16659
16666
16671
16674
16675
16684
16687
16689
16694
16699
16707
16713
16716
16749
16755
16757
16760
16762
16763
16771
16777
16781
16782
16790
16795
16796
16797
16812
16815
16816
16830
16837
16839
16841
16845
16849
16850
16852
16859
16860
16863
16865
16866
16883
16887
16889
16898
16900
16909
16915
16921
16925
16928
16929
16932
16934
16938
16943
16944
16945
16955
16956
16957
16959
16964
16980
16986
16989
16993
16997
17000
17003
17008
17009
17011
17013
17017
17021
17023
17024
17030
17036
17040
17049
17059
17062
17065
17069
17070
17096
17114
17122
17131
17140
17145
17147
17156
17160
17165
17166
17169
17173
17176
17193
17198
17202
17204
17205
17212
17215
17218
17220
17221
17225
17227
17231
17235
17239
17251
17254
17260
17261
17266
17270
17271
17281
17284
17285
17287
17290
17304
17307
17308
17312
17314
17325
17329
17340
17342
17343
17344
17349
17350
17354
17357
17366
17367
17377
17378
17380
17383
17385
17386
17404
17405
17408
17429
17431
17456
17462
17464
17465
17466
17467
17468
17469
17470
17471
17486
17496
17511
17512
17516
17521
17523
17525
17532
17533
17543
17546
17547
17552
17553
17554
17561
17566
17570
17578
17592
17593
17594
17604
17606
17610
17611
17612
17619
17629
17637
17643
17653
17664
17675
17678
17680
17682
17686
17703
17717
17721
17725
17730
17741
17742
17744
17746
17754
17758
17760
17761
17763
17764
17768
17775
17779
17780
17785
17797
17799
17802
17803
17805
17807
17808
17811
17812
17816
17818
17823
17834
17836
17837
17841
17853
17856
17862
17868
17875
17884
17885
17890
17891
17892
17894
17897
17906
17922
17934
17938
17949
17954
17962
17966
17968
17969
17975
17980
17982
17983
17998
18003
18013
18017
18018
18020
18025
18030
18033
18042
18045
18050
18051
18053
18055
18056
18062
18063
18073
18074
18088
18095
18101
18107
18129
18130
18139
18141
18148
18153
18161
18168
18174
18176
18179
18182
18186
18187
18192
18200
18207
18214
18219
18226
18244
18247
18248
18261
18269
18282
18291
18293
18298
18302
18312
18317
18327
18328
18331
18333
18338
18346
18355
18363
18368
18372
18377
18380
18388
18389
18390
18392
18394
18395
18398
18399
18403
18410
18414
18416
18424
18427
18430
18441
18442
18448
18455
18460
18472
18479
18486
18491
18494
18510
18511
18513
18515
18516
18518
18524
18528
18529
18534
18542
18550
18562
18571
18577
18586
18587
18592
18601
18607
18612
18623
18626
18627
18640
18644
18648
18649
18650
18659
18665
18671
18672
18673
18680
18681
18685
18689
18690
18704
18716
18717
18721
18722
18724
18729
18730
18731
18732
18745
18746
18748
18749
18752
18763
18771
18772
18788
18792
18793
18794
18800
18811
18817
18821
18824
18832
18837
18841
18853
18855
18858
18863
18869
18877
18879
18880
18883
18886
18887
18894
18900
18910
18917
18920
18922
18923
18924
18927
18929
18938
18945
18949
18954
18959
18962
18963
18964
18967
18968
18977
18985
18992
18995
18999
19002
19005
19006
19008
19016
19017
19018
19030
19035
19042
19043
19046
19056
19059
19061
19065
19068
19071
19077
19084
19085
19090
19101
19114
19115
19128
19134
19140
19146
19149
19153
19156
19161
19168
19174
19181
19187
19192
19193
19195
19202
19210
19215
19216
19218
19219
19222
19223
19227
19233
19236
19238
19247
19252
19253
19274
19275
19278
19281
19284
19286
19288
19290
19294
19295
19302
19303
19308
19309
19319
19320
19325
19330
19333
19338
19341
19343
19349
19353
19368
19369
19370
19374
19376
19384
19385
19391
19394
19395
19402
19403
19408
19413
19415
19419
19421
19424
19431
19445
19470
19482
19487
19489
19493
19494
19496
19505
19508
19509
19527
19529
19538
19544
19548
19550
19556
19557
19562
19565
19578
19595
19596
19599
19601
19611
19620
19623
19643
19654
19660
19661
19667
19668
19669
19678
19682
19683
19685
19686
19687
19695
19702
19704
19713
19714
19717
19722
19724
19731
19744
19762
19765
19768
19769
19772
19774
19782
19785
19792
19793
19802
19804
19830
19831
19840
19845
19858
19860
19863
19866
19870
19872
19874
19881
19899
19912
19923
19924
19925
19926
19930
19931
19932
19937
19942
19947
19953
19955
19958
19963
19971
19972
19973
