8394
24
139
245
280
328
342
351
355
406
434
472
473
586
720
733
751
824
840
853
860
968
1266
1277
1315
1329
1364
1460
1464
1472
1566
1639
1648
1683
1709
1801
1810
1893
1924
1938
2076
2148
2224
2301
2434
2523
2612
2694
2810
2819
2841
2867
2944
2976
2999
3067
3069
3077
3088
3181
3210
3354
3357
3388
3398
3432
3469
3488
3525
3583
3659
3730
3777
3895
3907
3994
4025
4118
4155
4156
4162
4178
4188
4382
4462
4482
4529
4590
4624
4781
4827
4960
5086
5102
5109
5125
5138
5305
5327
5414
5453
5477
5487
5497
5553
5654
5883
5946
6210
6326
6567
6644
6669
6822
6871
6875
6952
6967
6991
7064
7072
7272
7291
7316
7420
7422
7425
7481
7647
7819
7843
7937
7974
7985
8227
8264
8582
8675
8693
8806
9082
9148
9338
9390
9622
9821
9899
9923
9937
10037
10062
10133
10153
10189
10255
10395
10552
10558
10562
10573
10712
10750
10848
11727
11784
11909
12166
12189
12372
12517
12961
13436
13590
13646
13831
14196
14457
14473
14534
14580
14774
14939
15357
15497
15534
15737
15836
15912
15938
15983
16106
16503
16866
17539
17581
17794
18001
18043
18193
18304
18327
18734
18954
18987
19065
19441
19899
19904
