45.3102463087 20
45.4081922076 19
45.5061381065 53
45.6040840054 75
45.7020299043 100
45.7999758033 151
45.8979217022 180
45.9958676011 240
46.0938135 245
46.1917593989 262
46.2897052978 279
46.3876511967 318
46.4855970956 309
46.5835429945 334
46.6814888935 342
46.7794347924 340
46.8773806913 390
46.9753265902 338
47.0732724891 387
47.171218388 360
47.2691642869 387
47.3671101858 384
47.4650560847 350
47.5630019837 390
47.6609478826 336
47.7588937815 360
47.8568396804 314
47.9547855793 363
48.0527314782 315
48.1506773771 294
48.248623276 300
48.3465691749 296
48.4445150739 287
48.5424609728 266
48.6404068717 276
48.7383527706 246
48.8362986695 230
48.9342445684 235
49.0321904673 216
49.1301363662 199
49.2280822651 210
49.3260281641 173
49.423974063 195
49.5219199619 159
49.6198658608 153
49.7178117597 146
49.8157576586 150
49.9137035575 140
50.0116494564 124
50.1095953553 101
50.2075412543 110
50.3054871532 97
50.4034330521 94
50.501378951 85
50.5993248499 113
50.6972707488 80
50.7952166477 81
50.8931625466 74
50.9911084455 68
51.0890543444 77
51.1870002434 58
51.2849461423 61
51.3828920412 63
51.4808379401 50
51.578783839 41
51.6767297379 41
51.7746756368 47
51.8726215357 40
51.9705674346 35
52.0685133336 32
52.1664592325 40
52.2644051314 28
52.3623510303 31
52.4602969292 21
52.5582428281 32
52.656188727 26
52.7541346259 22
52.8520805248 15
52.9500264238 24
53.0479723227 15
53.1459182216 19
53.2438641205 22
53.3418100194 18
53.4397559183 10
53.5377018172 8
53.6356477161 14
53.733593615 6
53.831539514 6
53.9294854129 2
54.0274313118 9
54.1253772107 6
54.2233231096 7
54.3212690085 5
54.4192149074 7
54.5171608063 1
54.6151067052 1
54.7130526042 0
54.8109985031 0
54.908944402 2
55.0068903009 1
