45.307924632 16
45.4053181836 31
45.5027117353 51
45.6001052869 74
45.6974988385 115
45.7948923901 158
45.8922859418 184
45.9896794934 243
46.087073045 269
46.1844665966 293
46.2818601483 322
46.3792536999 359
46.4766472515 378
46.5740408031 358
46.6714343548 359
46.7688279064 417
46.866221458 445
46.9636150096 403
47.0610085613 454
47.1584021129 417
47.2557956645 406
47.3531892161 363
47.4505827678 374
47.5479763194 384
47.645369871 350
47.7427634227 391
47.8401569743 328
47.9375505259 359
48.0349440775 359
48.1323376292 352
48.2297311808 356
48.3271247324 321
48.424518284 312
48.5219118357 311
48.6193053873 271
48.7166989389 304
48.8140924905 246
48.9114860422 253
49.0088795938 268
49.1062731454 205
49.203666697 261
49.3010602487 224
49.3984538003 206
49.4958473519 201
49.5932409035 182
49.6906344552 180
49.7880280068 187
49.8854215584 145
49.98281511 160
50.0802086617 152
50.1776022133 137
50.2749957649 136
50.3723893166 115
50.4697828682 107
50.5671764198 106
50.6645699714 110
50.7619635231 79
50.8593570747 83
50.9567506263 86
51.0541441779 82
51.1515377296 69
51.2489312812 81
51.3463248328 81
51.4437183844 68
51.5411119361 59
51.6385054877 69
51.7358990393 35
51.8332925909 43
51.9306861426 53
52.0280796942 51
52.1254732458 35
52.2228667974 41
52.3202603491 37
52.4176539007 36
52.5150474523 30
52.6124410039 45
52.7098345556 26
52.8072281072 30
52.9046216588 27
53.0020152105 20
53.0994087621 21
53.1968023137 16
53.2941958653 16
53.391589417 11
53.4889829686 13
53.5863765202 18
53.6837700718 9
53.7811636235 9
53.8785571751 20
53.9759507267 10
54.0733442783 6
54.17073783 6
54.2681313816 7
54.3655249332 2
54.4629184848 6
54.5603120365 3
54.6577055881 2
54.7550991397 4
54.8524926913 3
54.949886243 1
