2303
3
4
10
11
12
16
26
27
32
35
41
48
49
54
65
75
81
84
85
86
90
92
93
96
101
110
111
119
125
126
128
137
138
141
145
148
153
155
166
174
175
177
179
182
184
185
188
189
190
194
204
205
210
216
224
226
228
232
234
241
244
245
247
255
264
265
268
271
283
290
292
299
300
307
316
318
324
338
347
352
361
367
374
380
381
387
389
390
393
407
408
412
415
422
432
434
439
442
443
447
456
460
477
483
493
495
497
500
508
521
529
530
551
557
560
561
569
573
577
579
580
581
595
607
608
613
614
619
626
638
640
643
646
647
653
657
660
665
677
682
687
706
709
713
719
730
732
734
739
741
742
746
747
750
754
755
762
765
771
774
777
780
782
785
786
795
796
804
807
811
818
826
834
839
851
856
859
862
869
870
877
882
885
896
905
910
913
915
923
938
943
952
955
969
976
977
978
990
991
1002
1028
1030
1042
1045
1048
1052
1054
1056
1058
1073
1090
1093
1096
1098
1102
1112
1114
1116
1117
1122
1131
1134
1135
1136
1147
1148
1154
1155
1163
1164
1170
1173
1174
1181
1182
1189
1193
1195
1197
1208
1214
1217
1222
1239
1240
1241
1244
1248
1249
1252
1261
1265
1269
1272
1278
1279
1280
1281
1287
1292
1304
1309
1312
1315
1318
1326
1331
1332
1336
1340
1347
1370
1376
1377
1380
1382
1385
1388
1392
1397
1403
1405
1408
1412
1420
1428
1430
1431
1432
1439
1443
1448
1450
1452
1458
1459
1464
1466
1471
1472
1483
1488
1490
1493
1505
1508
1510
1511
1514
1518
1524
1525
1527
1528
1529
1533
1535
1540
1541
1544
1545
1546
1548
1549
1550
1553
1569
1574
1577
1578
1580
1581
1582
1585
1592
1595
1598
1600
1608
1612
1614
1618
1619
1620
1622
1623
1628
1630
1635
1647
1653
1663
1685
1697
1701
1709
1717
1723
1725
1733
1734
1753
1758
1759
1763
1767
1781
1786
1787
1788
1789
1802
1825
1827
1829
1835
1837
1849
1864
1865
1867
1874
1880
1881
1888
1891
1895
1899
1904
1913
1921
1924
1932
1943
1947
1952
1965
1969
1971
1974
1975
1976
1979
1985
1999
2002
2004
2008
2016
2019
2020
2023
2028
2030
2036
2039
2047
2048
2049
2053
2058
2063
2075
2081
2083
2089
2090
2094
2097
2098
2111
2113
2115
2117
2124
2128
2130
2134
2137
2139
2143
2152
2159
2162
2163
2168
2169
2172
2176
2182
2188
2190
2199
2200
2201
2206
2209
2215
2219
2222
2229
2233
2239
2245
2250
2256
2269
2271
2287
2288
2297
2307
2311
2325
2327
2328
2333
2337
2341
2346
2347
2351
2354
2355
2356
2360
2362
2364
2373
2376
2381
2389
2410
2411
2412
2414
2418
2420
2434
2436
2439
2443
2444
2452
2456
2460
2461
2465
2466
2484
2487
2488
2497
2500
2507
2523
2529
2532
2536
2537
2539
2544
2559
2564
2569
2571
2574
2575
2581
2584
2588
2592
2595
2600
2607
2616
2617
2619
2624
2626
2637
2638
2651
2655
2656
2659
2664
2665
2676
2685
2686
2697
2698
2699
2700
2703
2706
2716
2719
2722
2726
2732
2735
2740
2746
2755
2756
2770
2774
2776
2782
2783
2799
2800
2805
2806
2807
2810
2817
2818
2825
2830
2834
2836
2844
2852
2862
2882
2883
2884
2891
2893
2902
2912
2916
2922
2923
2924
2929
2930
2934
2937
2951
2959
2960
2964
2965
2969
2974
2976
2977
2986
2988
2997
3003
3005
3019
3021
3023
3027
3030
3032
3037
3045
3046
3053
3059
3076
3080
3084
3086
3087
3091
3100
3102
3104
3111
3121
3123
3128
3132
3140
3145
3147
3150
3151
3153
3166
3172
3175
3178
3180
3186
3195
3203
3204
3210
3218
3220
3225
3227
3233
3237
3238
3240
3257
3270
3277
3278
3279
3281
3292
3297
3299
3300
3301
3306
3312
3319
3325
3326
3328
3331
3336
3342
3355
3361
3363
3401
3404
3407
3410
3417
3418
3441
3442
3444
3446
3448
3454
3455
3459
3460
3464
3471
3472
3473
3481
3487
3491
3497
3505
3510
3516
3521
3528
3535
3548
3553
3554
3555
3560
3579
3581
3586
3587
3591
3593
3594
3608
3610
3617
3638
3662
3671
3675
3677
3680
3684
3690
3695
3706
3707
3724
3728
3729
3730
3734
3739
3744
3747
3751
3763
3771
3774
3779
3789
3797
3803
3807
3825
3837
3845
3854
3861
3869
3870
3872
3873
3878
3879
3891
3899
3901
3921
3923
3932
3933
3939
3941
3942
3954
3957
3958
3961
3963
3964
3967
3970
3971
3973
3984
3995
4007
4008
4009
4012
4015
4020
4026
4037
4039
4042
4046
4048
4059
4066
4074
4083
4084
4089
4092
4100
4102
4103
4107
4112
4113
4119
4122
4126
4127
4128
4129
4130
4134
4138
4139
4152
4154
4159
4160
4167
4179
4185
4192
4198
4200
4211
4212
4215
4216
4222
4226
4235
4240
4242
4255
4267
4274
4276
4291
4302
4306
4310
4311
4312
4313
4334
4338
4339
4341
4354
4356
4366
4370
4373
4381
4388
4391
4393
4395
4399
4400
4404
4410
4422
4423
4426
4448
4454
4458
4461
4463
4466
4467
4469
4479
4483
4484
4489
4492
4496
4497
4498
4503
4505
4506
4513
4514
4528
4540
4562
4569
4573
4574
4583
4590
4601
4607
4609
4614
4615
4625
4630
4632
4637
4639
4641
4651
4666
4673
4675
4688
4706
4707
4710
4721
4723
4729
4730
4737
4738
4741
4744
4746
4748
4754
4755
4757
4759
4765
4772
4773
4778
4780
4784
4789
4794
4801
4805
4809
4811
4816
4819
4822
4823
4824
4825
4832
4834
4841
4843
4848
4849
4854
4861
4876
4877
4881
4882
4886
4890
4895
4898
4900
4903
4912
4913
4923
4925
4941
4946
4948
4963
4964
4969
4978
4981
4992
4999
5002
5003
5004
5005
5011
5012
5013
5017
5019
5023
5024
5030
5034
5035
5038
5040
5045
5049
5051
5053
5064
5065
5086
5103
5104
5107
5115
5118
5124
5133
5141
5145
5155
5161
5162
5163
5172
5177
5179
5180
5187
5190
5198
5199
5202
5212
5217
5219
5220
5237
5241
5242
5252
5256
5259
5260
5267
5271
5275
5286
5287
5297
5302
5305
5307
5311
5312
5328
5331
5332
5338
5342
5374
5375
5377
5387
5397
5411
5412
5418
5419
5425
5427
5442
5446
5451
5453
5465
5467
5468
5474
5480
5490
5506
5508
5522
5524
5525
5538
5543
5545
5550
5554
5555
5557
5558
5559
5563
5564
5568
5569
5586
5593
5611
5619
5620
5624
5625
5630
5632
5648
5654
5657
5658
5665
5671
5675
5677
5683
5691
5693
5696
5726
5730
5740
5746
5747
5748
5749
5751
5755
5760
5762
5764
5766
5769
5772
5777
5782
5800
5802
5806
5811
5818
5819
5822
5824
5835
5839
5841
5842
5844
5846
5854
5855
5858
5865
5867
5869
5873
5878
5879
5881
5886
5890
5893
5894
5905
5906
5918
5923
5931
5932
5934
5938
5947
5948
5951
5952
5954
5960
5966
5983
5984
5985
5986
5987
5992
5993
5997
6005
6006
6009
6012
6015
6025
6029
6032
6033
6035
6036
6040
6045
6055
6060
6063
6065
6068
6073
6078
6089
6090
6097
6101
6120
6121
6127
6133
6134
6137
6139
6143
6147
6153
6157
6161
6165
6168
6173
6176
6186
6190
6191
6196
6198
6209
6210
6218
6222
6233
6235
6241
6250
6254
6257
6258
6260
6262
6263
6270
6271
6272
6275
6280
6281
6286
6290
6292
6298
6306
6310
6311
6313
6314
6319
6322
6332
6333
6342
6348
6351
6354
6356
6366
6368
6377
6384
6391
6393
6396
6400
6401
6402
6404
6406
6411
6414
6417
6421
6427
6429
6431
6435
6452
6459
6467
6474
6477
6484
6490
6496
6498
6503
6504
6505
6509
6511
6513
6521
6533
6536
6537
6538
6540
6545
6569
6572
6573
6576
6577
6585
6589
6591
6597
6606
6623
6627
6635
6636
6638
6640
6641
6656
6660
6670
6672
6674
6677
6678
6684
6686
6689
6690
6691
6695
6699
6701
6705
6713
6715
6723
6724
6730
6737
6745
6746
6750
6752
6755
6761
6769
6784
6790
6791
6792
6796
6797
6799
6800
6803
6806
6812
6815
6841
6857
6866
6869
6885
6889
6890
6892
6899
6907
6917
6918
6921
6926
6931
6932
6935
6936
6937
6943
6945
6969
6977
6988
6990
6997
7005
7007
7011
7014
7018
7019
7026
7038
7048
7050
7053
7056
7059
7077
7086
7098
7103
7105
7113
7120
7125
7127
7144
7145
7153
7156
7160
7162
7163
7164
7171
7174
7189
7191
7204
7214
7225
7227
7242
7245
7247
7249
7254
7264
7266
7268
7270
7278
7279
7286
7292
7294
7295
7298
7299
7305
7309
7312
7321
7326
7327
7332
7338
7362
7373
7376
7378
7379
7384
7385
7395
7397
7403
7409
7415
7417
7419
7423
7427
7439
7451
7456
7467
7468
7469
7470
7472
7473
7474
7481
7482
7488
7489
7493
7494
7496
7505
7510
7520
7531
7537
7542
7546
7548
7549
7553
7555
7556
7564
7565
7578
7583
7586
7588
7594
7596
7599
7610
7611
7616
7617
7618
7623
7625
7628
7636
7639
7647
7651
7654
7670
7671
7675
7687
7698
7700
7703
7704
7715
7726
7732
7740
7743
7747
7754
7756
7757
7763
7769
7772
7773
7778
7780
7785
7787
7793
7795
7804
7807
7817
7818
7821
7830
7832
7840
7848
7853
7854
7858
7860
7864
7870
7874
7886
7890
7893
7894
7906
7908
7914
7922
7923
7926
7930
7938
7943
7946
7950
7954
7956
7959
7962
7964
7968
7977
7981
7985
7991
7995
7998
8004
8005
8007
8009
8010
8011
8013
8014
8023
8027
8028
8030
8037
8048
8050
8051
8053
8054
8057
8062
8064
8065
8067
8080
8097
8106
8114
8116
8120
8123
8130
8133
8135
8136
8137
8150
8156
8173
8175
8180
8187
8194
8195
8196
8200
8203
8207
8208
8211
8212
8223
8226
8228
8229
8235
8241
8249
8250
8259
8272
8274
8276
8288
8294
8300
8301
8313
8317
8320
8324
8325
8327
8329
8351
8357
8360
8362
8368
8370
8374
8376
8378
8379
8395
8403
8404
8408
8412
8423
8431
8432
8437
8443
8445
8458
8460
8462
8476
8477
8480
8483
8489
8498
8500
8501
8502
8503
8505
8506
8510
8515
8520
8521
8526
8527
8536
8539
8541
8543
8545
8547
8560
8562
8563
8564
8578
8580
8587
8591
8595
8597
8604
8607
8617
8621
8622
8625
8626
8637
8640
8651
8655
8672
8683
8691
8694
8698
8706
8708
8711
8720
8725
8726
8728
8730
8732
8753
8754
8756
8787
8791
8798
8799
8802
8803
8809
8811
8818
8834
8835
8837
8842
8854
8861
8863
8869
8871
8873
8874
8895
8904
8905
8908
8910
8913
8920
8927
8929
8930
8937
8939
8941
8944
8949
8951
8955
8963
8971
8988
8996
8998
9009
9018
9026
9031
9035
9036
9046
9047
9049
9050
9053
9054
9055
9058
9064
9082
9083
9091
9092
9094
9107
9111
9141
9144
9146
9156
9161
9163
9177
9180
9193
9201
9210
9211
9218
9219
9228
9237
9240
9245
9247
9249
9251
9253
9255
9263
9264
9266
9267
9280
9287
9289
9291
9294
9304
9306
9308
9310
9315
9319
9321
9322
9326
9330
9334
9342
9346
9352
9354
9355
9362
9369
9370
9390
9394
9401
9407
9414
9436
9440
9441
9442
9455
9470
9481
9485
9487
9489
9492
9500
9507
9508
9509
9515
9516
9524
9531
9544
9547
9551
9552
9555
9556
9561
9571
9574
9577
9584
9590
9592
9593
9595
9608
9610
9611
9639
9655
9661
9663
9666
9667
9669
9674
9675
9681
9686
9688
9689
9693
9699
9702
9703
9705
9715
9728
9731
9732
9742
9750
9754
9755
9760
9762
9779
9785
9787
9791
9792
9799
9801
9805
9818
9819
9820
9824
9830
9833
9837
9839
9844
9845
9849
9855
9856
9863
9865
9869
9882
9895
9897
9899
9900
9906
9908
9913
9916
9927
9931
9934
9936
