1142
319
334
473
476
578
664
812
907
916
996
1011
1081
1166
1557
1561
1572
1731
1778
1861
2085
2380
2453
2738
2820
2831
2845
2847
2871
3017
3063
3070
3092
3261
3265
3456
3612
3686
3745
3847
3950
3955
3969
4000
4086
4106
4220
4429
4487
4521
4527
4557
4611
4623
4652
4689
4733
4791
4814
4939
4944
5087
5346
5445
5589
5694
5941
5949
6037
6184
6199
6284
6316
6364
6371
6651
6758
6842
7209
7602
7645
7690
7707
7710
7742
7852
7866
7947
8147
8337
8345
8397
8581
8583
8659
8763
8972
8992
8999
9041
9070
9077
9270
9309
9385
9504
9643
9647
9659
9662
9788
9860
9924
