1142
319
334
473
476
578
664
812
907
916
996
1011
1081
1166
1557
1561
1572
1731
1778
1861
2085
2380
2453
2738
2820
2831
2845
2847
2871
3017
3063
3070
3092
3261
3265
3456
3612
3686
3745
3847
3950
3955
3969
4000
4086
4106
4220
4429
4487
4521
4527
4557
4611
4623
4652
4689
4733
4791
4814
4939
4944
5087
5346
5445
5589
5694
5941
5949
6037
6184
6199
6284
6316
6364
6371
6651
6758
6842
7209
7602
7645
7690
7707
7710
7742
7852
7866
7947
8147
8337
8345
8397
8581
8583
8659
8763
8972
8992
8999
9041
9070
9077
9270
9309
9385
9504
9643
9647
9659
9662
9788
9860
9924
9979
10097
10282
10347
10485
10522
10771
10905
11102
11239
11248
11258
11546
11606
11646
11720
11903
12293
12566
12614
12700
12794
12833
13036
13236
13299
13316
13354
13380
13421
13448
13477
13516
13675
13689
13963
13974
14002
14348
14465
14468
14601
14706
14885
14985
15072
15147
15217
15241
15272
15355
15432
15487
15637
15744
16044
16088
16124
16206
16376
16448
16602
16634
16670
16731
16835
16871
16884
16896
17171
17191
17201
17226
17432
17936
17973
18070
18072
18090
18236
18306
18535
18602
18733
18739
18767
18776
18871
18878
19117
19235
19316
19396
19514
19549
19588
19615
19636
19811
19887
19919
