9943
9944
9945
9946
9947
9949
9950
9951
9952
9953
9954
9956
9957
9958
9959
9960
9961
9962
9963
9964
9965
9966
9968
9969
9970
9972
9973
9975
9976
9978
9980
9981
9982
9983
9984
9985
9988
9989
9990
9991
9992
9993
9995
9996
9997
9998
9999
10000
10001
10002
10004
10005
10007
10008
10010
10012
10013
10014
10015
10016
10018
10019
10020
10021
10023
10024
10025
10026
10027
10028
10029
10030
10031
10032
10033
10034
10036
10037
10038
10039
10040
10041
10043
10044
10045
10047
10048
10049
10051
10052
10053
10054
10055
10056
10057
10058
10059
10060
10061
10062
10063
10064
10065
10066
10067
10068
10069
10070
10071
10072
10073
10076
10078
10079
10080
10081
10084
10085
10086
10087
10088
10090
10091
10092
10096
10098
10099
10101
10102
10103
10105
10107
10108
10109
10112
10113
10114
10116
10117
10118
10119
10121
10122
10123
10127
10129
10130
10132
10133
10135
10136
10137
10141
10142
10145
10146
10147
10148
10149
10150
10151
10152
10154
10155
10156
10157
10158
10159
10160
10161
10163
10167
10169
10170
10171
10172
10173
10174
10175
10176
10179
10180
10181
10183
10186
10187
10188
10189
10190
10192
10193
10195
10197
10198
10201
10203
10204
10205
10206
10207
10211
10212
10213
10215
10216
10217
10220
10221
10222
10223
10224
10225
10226
10227
10230
10231
10232
10233
10234
10235
10236
10237
10238
10239
10240
10241
10242
10244
10245
10246
10247
10248
10249
10250
10251
10252
10255
10256
10259
10261
10262
10263
10264
10267
10268
10270
10271
10272
10273
10274
10275
10276
10278
10279
10280
10283
10284
10286
10287
10288
10289
10290
10291
10292
10293
10296
10299
10300
10301
10303
10304
10306
10307
10308
10310
10311
10312
10313
10314
10315
10316
10317
10318
10319
10320
10321
10323
10325
10326
10327
10330
10332
10333
10334
10335
10336
10337
10338
10339
10340
10341
10342
10343
10344
10345
10348
10349
10350
10351
10352
10353
10354
10355
10356
10357
10358
10359
10360
10361
10363
10365
10366
10367
10368
10369
10370
10371
10372
10373
10374
10375
10376
10377
10378
10380
10381
10383
10384
10385
10386
10387
10389
10390
10392
10393
10394
10396
10397
10398
10399
10400
10401
10402
10403
10405
10406
10407
10408
10410
10411
10412
10413
10415
10416
10417
10418
10420
10422
10423
10424
10425
10427
10428
10429
10430
10431
10432
10433
10435
10436
10437
10438
10439
10440
10441
10442
10443
10444
10445
10446
10448
10449
10451
10452
10453
10454
10455
10456
10457
10458
10459
10462
10463
10464
10466
10467
10468
10469
10470
10471
10472
10474
10475
10476
10477
10478
10479
10480
10481
10482
10483
10484
10486
10487
10488
10489
10491
10492
10493
10494
10495
10496
10498
10499
10500
10502
10503
10504
10506
10508
10510
10511
10512
10515
10516
10517
10519
10521
10523
10524
10525
10526
10527
10528
10530
10532
10533
10534
10535
10536
10537
10538
10539
10541
10542
10543
10544
10545
10546
10549
10550
10551
10553
10555
10556
10557
10558
10559
10560
10561
10562
10563
10564
10565
10566
10568
10569
10570
10572
10574
10575
10576
10577
10579
10580
10581
10582
10583
10585
10586
10587
10588
10589
10590
10591
10592
10593
10594
10595
10597
10598
10599
10600
10603
10604
10605
10606
10607
10608
10610
10611
10613
10614
10617
10619
10621
10622
10625
10626
10627
10628
10629
10630
10631
10632
10633
10634
10635
10636
10637
10638
10639
10640
10641
10643
10644
10645
10646
10648
10649
10650
10652
10653
10654
10656
10657
10660
10661
10662
10663
10664
10665
10669
10670
10671
10673
10674
10675
10676
10677
10678
10679
10680
10681
10682
10683
10684
10687
10688
10689
10690
10691
10692
10694
10695
10696
10698
10699
10700
10701
10702
10704
10705
10706
10707
10708
10709
10711
10712
10713
10714
10715
10716
10717
10718
10719
10720
10722
10724
10725
10726
10727
10728
10729
10730
10731
10734
10735
10736
10737
10738
10739
10740
10741
10743
10744
10745
10747
10748
10749
10750
10751
10752
10753
10754
10755
10757
10758
10761
10762
10763
10764
10767
10768
10769
10772
10773
10774
10775
10776
10779
10780
10782
10783
10785
10786
10787
10788
10790
10792
10793
10794
10795
10796
10798
10799
10800
10801
10802
10803
10805
10806
10807
10808
10810
10811
10812
10813
10815
10816
10818
10819
10820
10821
10822
10823
10824
10825
10826
10827
10828
10829
10830
10832
10833
10834
10835
10836
10837
10838
10839
10840
10841
10845
10846
10847
10848
10850
10851
10852
10853
10858
10860
10861
10862
10863
10864
10865
10867
10868
10870
10871
10872
10873
10874
10875
10877
10878
10879
10880
10881
10882
10883
10885
10886
10887
10888
10890
10891
10892
10893
10894
10895
10897
10898
10899
10900
10902
10906
10907
10908
10909
10910
10911
10912
10913
10914
10915
10916
10917
10918
10919
10920
10921
10922
10923
10925
10927
10928
10929
10930
10931
10932
10933
10935
10937
10938
10939
10940
10941
10942
10946
10947
10948
10949
10950
10951
10952
10954
10955
10956
10958
10959
10960
10961
10962
10964
10965
10966
10967
10969
10970
10971
10972
10973
10974
10975
10976
10978
10979
10980
10981
10982
10983
10985
10986
10987
10989
10990
10992
10994
10995
10996
10997
10998
10999
11000
11001
11002
11003
11005
11006
11007
11008
11010
11011
11012
11013
11014
11016
11017
11019
11021
11022
11023
11024
11025
11026
11027
11030
11031
11033
11034
11035
11036
11037
11038
11039
11040
11041
11042
11043
11045
11048
11051
11052
11053
11056
11057
11058
11059
11060
11061
11062
11063
11064
11065
11067
11069
11070
11071
11073
11074
11078
11079
11080
11081
11082
11083
11085
11088
11089
11090
11091
11092
11093
11095
11096
11097
11098
11100
11101
11103
11106
11108
11111
11112
11113
11114
11115
11117
11118
11121
11122
11123
11126
11127
11128
11130
11133
11134
11135
11137
11138
11139
11141
11142
11143
11144
11145
11146
11147
11148
11149
11150
11151
11153
11158
11160
11162
11163
11164
11165
11168
11169
11171
11172
11173
11177
11178
11179
11180
11182
11183
11185
11186
11187
11188
11189
11190
11192
11193
11194
11196
11197
11198
11199
11200
11201
11202
11203
11204
11206
11207
11209
11211
11213
11215
11217
11219
11220
11221
11222
11223
11224
11227
11228
11229
11230
11232
11233
11235
11236
11238
11241
11242
11243
11245
11247
11249
11250
11251
11253
11254
11255
11256
11257
11259
11261
11262
11263
11264
11266
11267
11268
11269
11270
11272
11273
11274
11276
11277
11278
11279
11280
11281
11282
11283
11284
11285
11286
11287
11288
11289
11290
11291
11292
11293
11294
11295
11296
11297
11298
11300
11301
11303
11304
11306
11307
11309
11310
11312
11313
11315
11316
11318
11319
11320
11321
11322
11323
11324
11325
11326
11327
11328
11330
11331
11332
11334
11335
11336
11337
11338
11340
11341
11342
11343
11344
11345
11346
11347
11348
11351
11352
11353
11354
11355
11356
11357
11358
11362
11363
11364
11365
11366
11367
11368
11369
11370
11371
11372
11376
11377
11378
11379
11380
11382
11383
11384
11385
11386
11387
11388
11389
11391
11392
11393
11394
11395
11396
11397
11398
11399
11400
11401
11402
11403
11404
11405
11406
11408
11409
11410
11411
11413
11414
11416
11417
11418
11419
11420
11421
11424
11425
11426
11427
11428
11429
11430
11434
11435
11436
11437
11438
11439
11441
11442
11443
11444
11445
11446
11447
11448
11449
11451
11453
11454
11455
11456
11457
11458
11459
11460
11461
11462
11463
11464
11466
11467
11468
11471
11472
11474
11475
11476
11477
11478
11479
11480
11482
11484
11485
11487
11488
11490
11493
11494
11495
11496
11497
11498
11499
11500
11501
11502
11504
11505
11506
11507
11509
11511
11512
11513
11514
11515
11516
11518
11519
11520
11521
11522
11524
11525
11526
11527
11528
11529
11530
11531
11532
11533
11534
11537
11538
11539
11540
11541
11542
11543
11544
11545
11547
11548
11549
11550
11551
11552
11553
11554
11555
11556
11557
11558
11559
11560
11562
11563
11564
11565
11566
11567
11568
11569
11570
11571
11573
11574
11575
11576
11577
11578
11579
11581
11582
11583
11585
11586
11587
11588
11589
11591
11593
11594
11595
11596
11597
11598
11599
11600
11601
11602
11604
11605
11607
11608
11609
11610
11611
11612
11613
11614
11616
11618
11619
11621
11622
11623
11624
11625
11626
11627
11628
11629
11630
11632
11634
11635
11636
11638
11639
11640
11641
11642
11644
11645
11647
11648
11649
11650
11651
11652
11653
11655
11656
11657
11658
11659
11660
11661
11662
11663
11664
11665
11666
11667
11668
11669
11670
11672
11673
11675
11676
11677
11678
11679
11680
11681
11682
11684
11685
11686
11687
11688
11689
11690
11691
11692
11693
11694
11695
11696
11697
11698
11701
11702
11703
11704
11705
11706
11707
11708
11709
11711
11712
11713
11715
11716
11717
11718
11719
11721
11722
11724
11726
11727
11728
11729
11730
11733
11734
11735
11736
11737
11738
11740
11743
11746
11747
11748
11749
11750
11751
11752
11753
11754
11755
11756
11758
11759
11761
11763
11764
11765
11766
11767
11768
11769
11770
11771
11772
11774
11775
11776
11777
11778
11780
11781
11782
11783
11784
11785
11787
11788
11789
11790
11791
11792
11793
11794
11795
11796
11797
11798
11799
11800
11803
11805
11806
11807
11809
11812
11813
11814
11817
11818
11819
11820
11821
11822
11823
11824
11825
11827
11828
11829
11830
11831
11832
11833
11834
11835
11837
11839
11840
11841
11845
11846
11847
11848
11849
11850
11851
11853
11854
11855
11856
11857
11858
11859
11860
11861
11863
11865
11866
11867
11868
11869
11870
11871
11872
11873
11874
11875
11876
11878
11879
11880
11881
11882
11883
11885
11886
11887
11888
11889
11891
11892
11893
11894
11895
11896
11897
11899
11901
11902
11905
11906
11908
11910
11911
11912
11913
11914
11915
11916
11919
11920
11921
11922
11923
11924
11925
11927
11928
11929
11930
11932
11933
11934
11935
11936
11937
11938
11940
11942
11943
11945
11947
11948
11949
11950
11951
11953
11954
11956
11957
11959
11960
11961
11962
11963
11966
11970
11971
11972
11973
11974
11975
11976
11977
11978
11979
11981
11982
11983
11984
11986
11987
11988
11989
11990
11992
11993
11994
11996
11997
11998
11999
12001
12002
12003
12004
12005
12006
12008
12009
12011
12012
12013
12014
12015
12016
12017
12018
12020
12024
12025
12026
12027
12028
12029
12030
12032
12033
12034
12035
12036
12037
12038
12039
12040
12042
12043
12044
12045
12046
12049
12050
12051
12052
12053
12054
12055
12056
12057
12058
12059
12060
12061
12062
12063
12064
12066
12067
12068
12069
12070
12071
12072
12074
12076
12078
12079
12080
12081
12082
12083
12084
12085
12086
12091
12092
12093
12094
12096
12097
12099
12100
12101
12102
12103
12104
12105
12107
12108
12111
12112
12113
12114
12115
12116
12117
12118
12119
12120
12123
12124
12125
12126
12127
12128
12129
12130
12131
12132
12133
12134
12135
12136
12137
12138
12141
12142
12144
12145
12146
12147
12148
12149
12151
12152
12153
12157
12159
12160
12161
12162
12163
12164
12165
12167
12168
12170
12171
12172
12173
12174
12175
12176
12177
12178
12179
12180
12181
12182
12183
12184
12185
12186
12187
12188
12189
12190
12191
12192
12193
12195
12196
12197
12198
12199
12201
12203
12204
12206
12207
12208
12209
12210
12211
12213
12215
12216
12218
12219
12220
12221
12222
12224
12226
12227
12229
12232
12233
12234
12235
12236
12237
12238
12239
12240
12241
12242
12243
12244
12245
12248
12249
12250
12253
12254
12255
12257
12258
12259
12260
12261
12263
12264
12265
12266
12267
12268
12269
12270
12273
12274
12275
12276
12277
12278
12280
12281
12282
12283
12285
12287
12288
12289
12291
12294
12296
12297
12298
12299
12300
12301
12302
12304
12306
12307
12308
12309
12311
12312
12315
12316
12317
12318
12319
12322
12323
12324
12325
12326
12328
12329
12330
12331
12332
12333
12334
12335
12336
12337
12338
12339
12342
12343
12344
12345
12346
12348
12349
12350
12352
12353
12354
12355
12356
12357
12358
12359
12360
12361
12362
12363
12364
12365
12366
12367
12368
12369
12370
12371
12372
12373
12374
12375
12378
12379
12380
12381
12382
12383
12384
12385
12386
12387
12388
12389
12390
12391
12392
12394
12395
12396
12397
12398
12399
12400
12402
12403
12404
12405
12406
12407
12408
12409
12410
12411
12412
12413
12414
12416
12418
12419
12420
12421
12422
12423
12424
12425
12426
12427
12428
12429
12430
12432
12433
12435
12436
12437
12439
12440
12441
12442
12443
12444
12445
12449
12450
12451
12453
12454
12456
12459
12460
12462
12463
12464
12465
12466
12467
12468
12469
12470
12471
12472
12473
12475
12476
12478
12480
12481
12482
12483
12484
12485
12487
12490
12491
12492
12493
12494
12495
12496
12497
12499
12500
12501
12502
12503
12504
12506
12507
12508
12509
12510
12511
12514
12515
12516
12517
12518
12519
12520
12521
12522
12523
12524
12525
12526
12527
12528
12529
12531
12532
12533
12534
12535
12536
12538
12539
12540
12541
12542
12543
12545
12546
12547
12549
12552
12553
12556
12557
12558
12560
12561
12562
12563
12564
12567
12568
12569
12570
12572
12574
12576
12578
12579
12580
12581
12583
12584
12585
12586
12587
12588
12589
12590
12591
12592
12593
12594
12595
12597
12598
12599
12600
12601
12602
12603
12604
12605
12606
12607
12608
12610
12611
12612
12613
12615
12616
12617
12618
12620
12621
12622
12623
12624
12625
12626
12627
12628
12629
12630
12631
12633
12634
12635
12636
12637
12638
12639
12640
12641
12642
12643
12645
12646
12648
12649
12650
12651
12655
12656
12657
12658
12659
12660
12661
12662
12663
12664
12665
12666
12668
12669
12671
12672
12673
12674
12675
12676
12677
12678
12679
12680
12681
12682
12683
12684
12685
12686
12687
12688
12689
12691
12692
12694
12695
12697
12699
12701
12702
12705
12706
12707
12709
12710
12711
12713
12714
12715
12717
12718
12719
12720
12721
12722
12723
12724
12725
12726
12727
12728
12729
12730
12731
12732
12733
12735
12736
12737
12738
12739
12740
12741
12742
12743
12744
12745
12746
12747
12748
12750
12751
12752
12753
12754
12755
12756
12757
12758
12759
12761
12762
12763
12764
12765
12766
12767
12768
12769
12770
12771
12772
12773
12774
12775
12776
12777
12778
12779
12780
12782
12783
12784
12785
12786
12787
12788
12789
12790
12791
12792
12793
12796
12797
12798
12799
12800
12801
12803
12804
12805
12806
12807
12808
12809
12810
12813
12814
12815
12817
12818
12823
12825
12826
12828
12829
12830
12831
12832
12834
12835
12838
12839
12841
12842
12843
12845
12849
12850
12851
12852
12854
12855
12856
12857
12858
12860
12861
12862
12863
12864
12865
12866
12867
12868
12869
12871
12872
12873
12875
12876
12879
12880
12881
12882
12883
12884
12885
12886
12887
12888
12889
12891
12892
12893
12894
12897
12898
12899
12900
12902
12903
12904
12905
12906
12907
12908
12909
12910
12911
12912
12913
12914
12915
12917
12918
12919
12920
12921
12923
12924
12925
12926
12927
12928
12930
12931
12932
12933
12934
12935
12938
12939
12940
12941
12942
12943
12944
12946
12947
12948
12950
12951
12952
12953
12954
12955
12956
12957
12958
12959
12961
12962
12964
12965
12966
12968
12969
12970
12971
12972
12973
12975
12977
12979
12980
12981
12983
12984
12985
12987
12989
12992
12993
12994
12995
12996
12997
12999
13000
13001
13002
13003
13007
13009
13010
13011
13012
13013
13014
13015
13016
13017
13018
13019
13020
13021
13022
13023
13024
13025
13026
13027
13029
13030
13031
13032
13033
13034
13037
13038
13041
13042
13044
13045
13046
13047
13050
13051
13052
13054
13058
13059
13060
13061
13062
13063
13064
13065
13066
13067
13068
13069
13070
13071
13072
13073
13074
13076
13077
13079
13080
13081
13082
13083
13084
13085
13086
13087
13088
13089
13090
13091
13092
13093
13094
13097
13098
13099
13100
13102
13103
13104
13105
13106
13107
13109
13110
13111
13114
13115
13116
13117
13119
13122
13124
13126
13128
13129
13130
13132
13133
13134
13135
13136
13137
13138
13139
13140
13141
13142
13143
13144
13145
13146
13147
13148
13149
13150
13151
13152
13153
13154
13155
13160
13161
13162
13163
13165
13166
13167
13168
13170
13171
13173
13174
13175
13176
13178
13180
13181
13182
13183
13184
13185
13186
13187
13188
13189
13190
13191
13192
13193
13194
13196
13198
13199
13200
13201
13202
13203
13204
13205
13208
13210
13211
13213
13214
13215
13217
13220
13221
13222
13223
13224
13225
13226
13227
13228
13229
13230
13231
13232
13233
13234
13235
13239
13240
13241
13242
13243
13244
13245
13246
13247
13248
13249
13251
13253
13256
13257
13258
13259
13262
13263
13265
13267
13268
13269
13271
13272
13274
13275
13276
13277
13279
13280
13281
13284
13285
13287
13288
13289
13290
13291
13292
13293
13294
13295
13296
13297
13301
13304
13305
13306
13307
13309
13310
13311
13312
13313
13314
13315
13317
13318
13319
13320
13321
13322
13323
13324
13325
13326
13327
13329
13330
13331
13332
13333
13334
13336
13337
13338
13339
13340
13341
13343
13344
13346
13347
13348
13349
13350
13352
13353
13356
13357
13358
13359
13360
13361
13362
13363
13364
13365
13366
13367
13368
13369
13370
13371
13372
13373
13375
13376
13377
13378
13379
13382
13383
13384
13385
13386
13389
13390
13391
13392
13393
13394
13395
13396
13397
13398
13399
13401
13402
13404
13407
13408
13410
13411
13412
13414
13415
13416
13417
13419
13420
13422
13423
13424
13425
13427
13428
13429
13430
13431
13432
13433
13434
13436
13439
13443
13444
13445
13446
13447
13449
13450
13451
13452
13453
13455
13458
13459
13460
13461
13462
13463
13464
13466
13467
13468
13469
13470
13471
13472
13474
13476
13478
13479
13480
13482
13483
13484
13485
13486
13487
13488
13489
13490
13491
13492
13493
13494
13495
13496
13497
13498
13500
13501
13502
13503
13504
13505
13506
13507
13508
13509
13510
13511
13512
13513
13514
13517
13518
13519
13520
13522
13523
13524
13525
13526
13527
13528
13530
13531
13532
13533
13537
13538
13539
13540
13541
13542
13543
13544
13545
13546
13547
13548
13549
13550
13551
13552
13553
13554
13555
13556
13558
13560
13561
13562
13563
13565
13566
13568
13569
13570
13571
13572
13573
13574
13575
13576
13577
13579
13580
13581
13582
13583
13584
13585
13586
13587
13588
13589
13590
13591
13592
13595
13596
13597
13598
13599
13600
13602
13603
13604
13605
13606
13607
13608
13610
13611
13612
13613
13614
13617
13618
13619
13621
13622
13624
13625
13629
13630
13631
13633
13635
13638
13639
13640
13642
13643
13644
13646
13648
13650
13652
13653
13654
13655
13656
13657
13658
13659
13661
13663
13666
13667
13668
13669
13670
13671
13672
13676
13678
13680
13681
13682
13684
13685
13686
13687
13688
13690
13691
13692
13693
13694
13695
13696
13697
13698
13700
13701
13702
13703
13705
13707
13708
13710
13711
13712
13713
13714
13716
13717
13718
13720
13721
13722
13723
13724
13725
13726
13727
13728
13729
13730
13731
13732
13733
13734
13736
13737
13739
13740
13742
13743
13744
13745
13749
13750
13751
13752
13753
13754
13755
13756
13757
13758
13759
13760
13761
13762
13763
13764
13765
13766
13767
13768
13769
13770
13772
13773
13774
13775
13779
13780
13781
13782
13783
13784
13789
13791
13792
13793
13794
13795
13796
13797
13798
13799
13800
13801
13803
13804
13805
13807
13808
13809
13810
13811
13812
13813
13814
13815
13816
13817
13818
13819
13820
13821
13822
13823
13824
13825
13827
13828
13829
13830
13831
13832
13835
13836
13837
13838
13839
13840
13841
13842
13843
13845
13846
13847
13849
13850
13853
13854
13856
13857
13858
13859
13860
13861
13864
13869
13870
13871
13872
13873
13875
13876
13877
13878
13880
13882
13883
13884
13885
13887
13888
13889
13890
13892
13893
13894
13895
13896
13897
13898
13899
13900
13902
13903
13904
13906
13907
13909
13910
13911
13912
13913
13914
13915
13916
13917
13919
13920
13921
13923
13924
13925
13926
13927
13928
13930
13931
13932
13934
13936
13937
13938
13939
13940
13941
13946
13947
13948
13949
13950
13951
13952
13953
13954
13955
13956
13957
13958
13959
13960
13961
13964
13966
13967
13968
13969
13970
13971
13972
13973
13975
13976
13977
13978
13980
13981
13982
13983
13984
13985
13986
13987
13989
13990
13991
13992
13996
13997
13998
14000
14001
14005
14006
14007
14008
14009
14011
14012
14013
14014
14015
14016
14018
14019
14020
14021
14022
14023
14025
14026
14027
14028
14029
14030
14031
14032
14033
14035
14036
14037
14039
14040
14042
14043
14044
14045
14046
14047
14048
14049
14051
14052
14054
14055
14056
14057
14058
14061
14062
14064
14067
14068
14069
14070
14071
14073
14075
14076
14077
14079
14080
14081
14082
14083
14084
14085
14086
14087
14088
14089
14090
14091
14092
14093
14094
14095
14096
14097
14098
14099
14100
14102
14104
14106
14107
14108
14109
14110
14112
14113
14114
14116
14117
14119
14121
14122
14123
14124
14129
14130
14131
14132
14133
14135
14136
14137
14138
14141
14142
14143
14144
14145
14147
14149
14150
14151
14152
14153
14154
14155
14156
14157
14158
14159
14160
14161
14163
14166
14167
14168
14169
14170
14171
14172
14173
14174
14176
14177
14178
14179
14182
14183
14184
14185
14186
14187
14188
14189
14190
14192
14193
14195
14196
14198
14199
14200
14201
14202
14203
14204
14205
14206
14207
14208
14209
14210
14211
14212
14213
14214
14216
14218
14220
14221
14224
14225
14226
14227
14228
14231
14232
14233
14234
14235
14236
14237
14238
14241
14242
14243
14244
14247
14248
14249
14250
14251
14252
14253
14255
14256
14257
14258
14259
14260
14261
14262
14263
14265
14266
14267
14268
14269
14270
14272
14273
14274
14275
14278
14279
14280
14282
14283
14284
14285
14286
14287
14288
14289
14290
14292
14293
14294
14295
14296
14297
14298
14299
14301
14302
14303
14304
14305
14306
14307
14308
14309
14310
14311
14312
14313
14315
14316
14317
14318
14319
14320
14321
14322
14324
14325
14326
14327
14329
14330
14331
14332
14333
14334
14336
14337
14338
14340
14342
14344
14345
14346
14347
14349
14351
14352
14354
14355
14356
14357
14358
14359
14360
14361
14365
14366
14368
14369
14370
14371
14372
14373
14375
14376
14377
14379
14380
14382
14383
14384
14386
14387
14389
14390
14391
14392
14394
14395
14396
14397
14398
14400
14401
14402
14403
14404
14405
14406
14407
14408
14409
14410
14411
14412
14414
14416
14417
14418
14419
14420
14421
14422
14423
14424
14426
14427
14428
14429
14431
14432
14433
14435
14437
14438
14439
14440
14441
14442
14443
14444
14445
14446
14447
14449
14450
14451
14452
14453
14454
14455
14456
14457
14458
14459
14460
14461
14463
14464
14466
14467
14469
14472
14473
14474
14475
14476
14477
14478
14479
14480
14482
14483
14484
14485
14486
14487
14488
14489
14491
14492
14493
14495
14496
14497
14501
14502
14503
14505
14506
14509
14511
14513
14514
14515
14516
14517
14518
14520
14521
14522
14523
14524
14525
14526
14527
14528
14529
14531
14532
14533
14534
14538
14540
14543
14545
14546
14547
14548
14549
14550
14552
14553
14554
14555
14557
14558
14560
14561
14563
14564
14566
14567
14568
14569
14571
14572
14574
14575
14576
14577
14579
14580
14581
14582
14583
14584
14585
14586
14587
14588
14589
14590
14592
14593
14594
14596
14597
14598
14599
14600
14602
14603
14604
14605
14606
14607
14608
14609
14610
14612
14613
14614
14615
14616
14617
14618
14619
14620
14621
14622
14623
14624
14626
14627
14628
14629
14631
14632
14633
14634
14635
14636
14637
14638
14639
14640
14642
14643
14645
14647
14649
14650
14651
14653
14654
14656
14657
14658
14659
14660
14661
14663
14664
14665
14666
14667
14668
14669
14671
14672
14676
14677
14678
14680
14681
14683
14684
14685
14687
14688
14689
14690
14691
14692
14694
14695
14696
14698
14699
14700
14701
14702
14705
14707
14708
14709
14710
14711
14712
14713
14714
14715
14716
14717
14718
14719
14720
14721
14722
14723
14724
14725
14726
14728
14730
14731
14735
14736
14739
14740
14741
14742
14744
14745
14746
14747
14748
14749
14750
14751
14753
14754
14755
14756
14757
14758
14759
14760
14761
14762
14763
14764
14766
14767
14768
14769
14770
14772
14773
14774
14775
14777
14778
14780
14781
14782
14784
14785
14786
14787
14788
14790
14791
14792
14793
14794
14795
14796
14797
14798
14799
14800
14801
14802
14803
14804
14806
14808
14809
14810
14811
14812
14813
14814
14815
14816
14819
14820
14822
14823
14824
14825
14826
14827
14828
14830
14831
14833
14834
14835
14836
14837
14838
14840
14842
14843
14844
14845
14846
14847
14848
14849
14850
14851
14853
14854
14855
14856
14857
14858
14859
14860
14861
14862
14865
14866
14867
14868
14869
14870
14873
14874
14875
14876
14877
14878
14879
14881
14882
14883
14884
14886
14887
14888
14889
14890
14893
14894
14897
14898
14899
14900
14901
14902
14903
14904
14905
14906
14907
14908
14909
14910
14911
14912
14913
14915
14916
14917
14918
14919
14920
14921
14923
14924
14925
14926
14927
14928
14929
14932
14933
14934
14935
14936
14937
14938
14939
14940
14943
14945
14946
14947
14948
14951
14952
14953
14954
14955
14956
14958
14960
14961
14962
14963
14964
14965
14966
14967
14968
14969
14970
14971
14973
14974
14975
14976
14977
14980
14981
14982
14984
14987
14988
14990
14991
14992
14993
14994
14995
14996
14998
14999
15000
15001
15002
15003
15004
15006
15008
15009
15011
15012
15014
15015
15016
15017
15018
15019
15020
15022
15023
15024
15025
15026
15027
15028
15030
15032
15033
15034
15036
15039
15040
15041
15042
15043
15044
15045
15046
15047
15048
15049
15050
15051
15052
15053
15054
15055
15056
15057
15058
15059
15060
15061
15062
15064
15066
15067
15068
15069
15070
15073
15074
15076
15077
15078
15079
15080
15081
15085
15086
15087
15089
15090
15091
15092
15096
15097
15098
15099
15101
15102
15103
15104
15105
15106
15107
15108
15109
15110
15111
15112
15113
15114
15115
15116
15117
15118
15119
15120
15123
15124
15125
15126
15127
15128
15129
15130
15131
15132
15133
15134
15135
15137
15138
15139
15140
15141
15142
15143
15144
15145
15146
15148
15149
15150
15151
15152
15154
15155
15156
15157
15158
15159
15160
15161
15162
15163
15164
15165
15166
15167
15168
15169
15172
15173
15174
15175
15176
15177
15178
15179
15180
15181
15182
15183
15184
15185
15188
15190
15191
15192
15195
15196
15197
15198
15199
15202
15203
15204
15205
15206
15208
15210
15211
15212
15214
15216
15218
15219
15220
15221
15222
15223
15224
15226
15227
15228
15229
15230
15233
15234
15236
15237
15238
15240
15242
15243
15244
15245
15246
15247
15248
15249
15251
15252
15254
15256
15257
15260
15261
15262
15263
15264
15265
15266
15267
15268
15269
15270
15271
15274
15275
15276
15277
15279
15280
15281
15282
15283
15284
15285
15287
15288
15290
15291
15292
15293
15294
15295
15296
15297
15298
15299
15300
15301
15302
15303
15304
15305
15306
15308
15309
15311
15312
15313
15315
15318
15319
15320
15322
15323
15324
15325
15326
15327
15328
15329
15330
15331
15332
15333
15334
15336
15337
15338
15339
15340
15343
15346
15347
15348
15349
15350
15351
15353
15354
15357
15358
15362
15363
15365
15367
15369
15371
15372
15373
15374
15375
15376
15377
15378
15379
15380
15381
15382
15383
15384
15385
15387
15388
15390
15392
15393
15395
15396
15397
15398
15400
15401
15402
15403
15404
15405
15407
15409
15411
15412
15413
15415
15416
15417
15418
15420
15421
15423
15424
15425
15427
15428
15429
15430
15431
15434
15435
15436
15438
15439
15441
15442
15443
15444
15446
15447
15449
15450
15451
15452
15453
15454
15457
15459
15460
15461
15462
15463
15464
15466
15467
15468
15469
15470
15473
15474
15476
15477
15479
15480
15481
15482
15483
15484
15485
15486
15490
15491
15492
15493
15494
15496
15497
15498
15499
15500
15501
15503
15504
15507
15508
15509
15510
15511
15513
15514
15515
15517
15518
15519
15520
15521
15522
15523
15524
15525
15527
15528
15529
15530
15531
15532
15533
15535
15536
15537
15538
15539
15540
15541
15542
15543
15544
15545
15546
15548
15549
15550
15551
15553
15554
15555
15556
15557
15559
15560
15561
15562
15563
15564
15565
15566
15569
15570
15571
15572
15573
15574
15575
15576
15577
15578
15579
15580
15581
15582
15584
15585
15586
15587
15588
15589
15590
15591
15592
15593
15594
15595
15596
15597
15598
15599
15600
15601
15602
15603
15604
15606
15607
15608
15611
15613
15614
15617
15618
15619
15620
15622
15623
15624
15625
15626
15627
15628
15630
15632
15634
15635
15636
15639
15640
15641
15642
15643
15645
15646
15647
15648
15649
15650
15652
15653
15654
15655
15656
15657
15658
15659
15660
15661
15662
15663
15664
15665
15667
15668
15670
15672
15675
15676
15677
15678
15680
15681
15682
15683
15684
15685
15686
15687
15688
15689
15690
15691
15692
15693
15695
15696
15697
15699
15701
15702
15703
15704
15705
15706
15707
15709
15711
15712
15713
15714
15715
15716
15718
15719
15721
15722
15723
15724
15726
15727
15728
15729
15731
15732
15733
15735
15736
15739
15741
15743
15746
15747
15748
15749
15750
15751
15752
15755
15756
15757
15758
15759
15760
15761
15762
15763
15765
15766
15767
15768
15770
15771
15772
15774
15775
15776
15777
15778
15779
15780
15781
15782
15783
15784
15785
15786
15787
15789
15790
15791
15792
15793
15794
15795
15797
15798
15799
15800
15801
15802
15803
15804
15805
15806
15807
15808
15809
15811
15812
15814
15815
15816
15817
15818
15819
15822
15823
15824
15825
15826
15827
15828
15829
15832
15833
15835
15836
15837
15838
15839
15840
15841
15842
15843
15844
15845
15846
15847
15848
15850
15851
15852
15853
15854
15855
15856
15857
15858
15859
15860
15861
15862
15863
15864
15865
15866
15867
15868
15869
15870
15871
15872
15873
15874
15875
15876
15878
15879
15881
15882
15883
15884
15885
15886
15887
15888
15889
15891
15892
15893
15894
15895
15896
15897
15898
15899
15900
15901
15903
15904
15905
15906
15907
15908
15910
15911
15912
15913
15914
15916
15917
15918
15919
15920
15921
15922
15923
15924
15925
15926
15929
15931
15932
15934
15935
15936
15937
15938
15939
15940
15941
15942
15943
15944
15945
15946
15947
15948
15949
15950
15951
15953
15955
15956
15957
15958
15959
15960
15961
15964
15965
15966
15967
15968
15969
15973
15976
15977
15978
15980
15983
15984
15985
15986
15988
15989
15990
15991
15992
15994
15997
15998
15999
16000
16001
16002
16003
16004
16005
16006
16007
16008
16009
16010
16011
16012
16013
16014
16016
16018
16019
16020
16021
16022
16023
16025
16026
16027
16028
16030
16031
16033
16034
16035
16036
16037
16038
16039
16040
16041
16042
16043
16045
16046
16047
16048
16049
16050
16051
16053
16054
16055
16056
16057
16058
16059
16060
16061
16063
16064
16066
16067
16068
16070
16071
16072
16074
16075
16076
16077
16078
16079
16080
16081
16082
16083
16085
16086
16087
16089
16090
16091
16093
16094
16096
16097
16098
16099
16100
16101
16102
16103
16104
16105
16106
16107
16108
16109
16110
16112
16113
16114
16115
16116
16118
16119
16120
16121
16122
16123
16125
16126
16127
16128
16130
16131
16132
16133
16134
16135
16137
16139
16140
16141
16143
16144
16145
16146
16147
16148
16149
16150
16152
16153
16154
16156
16157
16158
16159
16160
16161
16162
16163
16164
16165
16166
16169
16171
16172
16174
16175
16176
16177
16178
16179
16180
16182
16183
16184
16186
16187
16188
16189
16190
16191
16192
16193
16194
16195
16196
16197
16198
16199
16201
16202
16203
16204
16207
16208
16209
16210
16211
16212
16213
16214
16215
16216
16217
16218
16219
16221
16224
16225
16226
16227
16229
16230
16231
16232
16234
16235
16236
16237
16238
16239
16240
16241
16242
16244
16247
16248
16249
16250
16251
16252
16254
16255
16256
16257
16258
16259
16260
16261
16262
16263
16266
16267
16268
16269
16272
16273
16275
16276
16277
16278
16279
16280
16282
16283
16284
16286
16287
16288
16289
16291
16293
16294
16295
16296
16297
16298
16299
16302
16303
16306
16307
16308
16309
16310
16311
16312
16313
16314
16315
16316
16317
16320
16323
16324
16325
16326
16327
16328
16329
16330
16332
16333
16334
16335
16336
16337
16338
16339
16340
16341
16342
16344
16345
16347
16348
16350
16352
16353
16354
16355
16356
16357
16359
16360
16361
16362
16363
16364
16365
16368
16369
16370
16371
16373
16374
16377
16378
16379
16380
16381
16382
16383
16384
16385
16386
16387
16388
16389
16390
16391
16392
16393
16394
16395
16396
16397
16398
16400
16402
16405
16406
16408
16409
16410
16411
16412
16413
16414
16415
16416
16418
16419
16420
16421
16422
16423
16424
16425
16426
16427
16428
16429
16430
16431
16432
16434
16435
16436
16437
16438
16439
16440
16441
16442
16443
16444
16446
16447
16449
16450
16451
16453
16455
16456
16457
16458
16459
16460
16461
16462
16463
16464
16466
16467
16469
16470
16473
16474
16475
16476
16477
16478
16480
16481
16482
16483
16484
16487
16488
16489
16490
16491
16492
16493
16494
16495
16496
16497
16498
16499
16500
16501
16504
16505
16506
16507
16508
16509
16510
16511
16512
16513
16514
16515
16516
16517
16518
16519
16520
16521
16522
16523
16524
16525
16527
16529
16530
16531
16532
16533
16534
16537
16539
16540
16541
16542
16543
16544
16546
16547
16548
16549
16550
16551
16552
16553
16555
16556
16557
16559
16560
16562
16563
16564
16566
16567
16568
16569
16570
16571
16572
16573
16574
16575
16576
16577
16578
16579
16580
16581
16582
16583
16584
16585
16586
16587
16588
16589
16590
16592
16593
16594
16595
16598
16599
16600
16601
16606
16607
16608
16609
16611
16613
16614
16617
16618
16619
16621
16622
16623
16624
16625
16627
16630
16631
16632
16635
16636
16637
16638
16639
16640
16642
16644
16645
16647
16648
16649
16650
16651
16652
16653
16654
16655
16657
16658
16660
16661
16662
16663
16664
16665
16667
16668
16669
16672
16673
16676
16677
16678
16679
16680
16681
16682
16683
16685
16686
16688
16690
16691
16692
16693
16695
16696
16697
16698
16700
16701
16702
16703
16704
16705
16706
16708
16709
16710
16711
16712
16714
16715
16717
16718
16719
16720
16721
16722
16723
16724
16725
16726
16727
16728
16729
16730
16732
16733
16734
16735
16736
16737
16738
16739
16740
16741
16742
16743
16744
16745
16746
16747
16748
16750
16751
16752
16753
16754
16756
16758
16759
16761
16764
16765
16766
16767
16768
16769
16770
16772
16773
16774
16775
16776
16778
16779
16780
16783
16784
16785
16786
16787
16788
16789
16791
16792
16793
16794
16798
16799
16800
16801
16802
16803
16804
16805
16806
16807
16808
16809
16810
16811
16813
16814
16817
16818
16819
16820
16821
16822
16823
16824
16825
16826
16827
16828
16829
16831
16832
16833
16834
16836
16838
16840
16842
16843
16844
16846
16847
16848
16851
16853
16854
16855
16856
16857
16858
16861
16864
16867
16868
16869
16870
16872
16873
16874
16875
16876
16877
16878
16879
16880
16881
16882
16885
16886
16888
16890
16891
16892
16893
16894
16895
16897
16899
16901
16902
16903
16904
16905
16906
16907
16908
16910
16911
16912
16913
16914
16916
16917
16918
16919
16920
16922
16923
16924
16926
16927
16930
16931
16933
16935
16936
16937
16939
16940
16941
16942
16946
16947
16948
16949
16950
16951
16952
16953
16954
16958
16960
16961
16962
16963
16965
16966
16967
16968
16969
16970
16971
16972
16973
16974
16975
16976
16977
16978
16979
16981
16982
16983
16984
16985
16987
16988
16990
16991
16992
16994
16995
16996
16998
16999
17001
17002
17004
17005
17006
17007
17010
17012
17014
17015
17016
17018
17019
17020
17022
17025
17026
17027
17028
17029
17031
17032
17033
17034
17035
17037
17038
17039
17041
17042
17043
17044
17045
17046
17047
17048
17050
17051
17052
17053
17054
17055
17056
17057
17058
17060
17061
17063
17064
17066
17067
17068
17071
17072
17073
17074
17075
17076
17077
17078
17079
17080
17081
17082
17083
17084
17085
17086
17087
17088
17089
17090
17091
17092
17093
17094
17095
17097
17098
17099
17100
17101
17102
17103
17104
17105
17106
17107
17108
17109
17110
17111
17112
17113
17115
17116
17117
17118
17119
17120
17121
17123
17124
17125
17126
17127
17128
17129
17130
17132
17133
17134
17135
17136
17137
17138
17139
17141
17142
17143
17144
17146
17148
17149
17150
17151
17152
17153
17154
17155
17157
17158
17159
17161
17162
17163
17164
17167
17168
17170
17172
17174
17175
17177
17178
17179
17180
17181
17182
17183
17184
17185
17186
17187
17188
17189
17190
17192
17194
17195
17196
17197
17199
17200
17203
17206
17207
17208
17209
17210
17211
17213
17214
17216
17217
17219
17222
17223
17224
17228
17229
17230
17232
17233
17234
17236
17237
17238
17240
17241
17242
17243
17244
17245
17246
17247
17248
17249
17250
17252
17253
17255
17256
17257
17258
17259
17262
17263
17264
17265
17267
17268
17269
17272
17273
17274
17275
17276
17277
17278
17279
17280
17282
17283
17286
17288
17289
17291
17292
17293
17294
17295
17296
17297
17298
17299
17300
17301
17302
17303
17305
17306
17309
17310
17311
17313
17315
17316
17317
17318
17319
17320
17321
17322
17323
17324
17326
17327
17328
17330
17331
17332
17333
17334
17335
17336
17337
17338
17339
17341
17345
17346
17347
17348
17351
17352
17353
17355
17356
17358
17359
17360
17361
17362
17363
17364
17365
17368
17369
17370
17371
17372
17373
17374
17375
17376
17379
17381
17382
17384
17387
17388
17389
17390
17391
17392
17393
17394
17395
17396
17397
17398
17399
17400
17401
17402
17403
17406
17407
17409
17410
17411
17412
17413
17414
17415
17416
17417
17418
17419
17420
17421
17422
17423
17424
17425
17426
17427
17428
17430
17433
17434
17435
17436
17437
17438
17439
17440
17441
17442
17443
17444
17445
17446
17447
17448
17449
17450
17451
17452
17453
17454
17455
17457
17458
17459
17460
17461
17463
17472
17473
17474
17475
17476
17477
17478
17479
17480
17481
17482
17483
17484
17485
17487
17488
17489
17490
17491
17492
17493
17494
17495
17497
17498
17499
17500
17501
17502
17503
17504
17505
17506
17507
17508
17509
17510
17513
17514
17515
17517
17518
17519
17520
17522
17524
17526
17527
17528
17529
17530
17531
17534
17535
17536
17537
17538
17539
17540
17541
17542
17544
17545
17548
17549
17550
17551
17555
17556
17557
17558
17559
17560
17562
17563
17564
17565
17567
17568
17569
17571
17572
17573
17574
17575
17576
17577
17579
17580
17581
17582
17583
17584
17585
17586
17587
17588
17589
17590
17591
17595
17596
17597
17598
17599
17600
17601
17602
17603
17605
17607
17608
17609
17613
17614
17615
17616
17617
17618
17620
17621
17622
17623
17624
17625
17626
17627
17628
17630
17631
17632
17633
17634
17635
17636
17638
17639
17640
17641
17642
17644
17645
17646
17647
17648
17649
17650
17651
17652
17654
17655
17656
17657
17658
17659
17660
17661
17662
17663
17665
17666
17667
17668
17669
17670
17671
17672
17673
17674
17676
17677
17679
17681
17683
17684
17685
17687
17688
17689
17690
17691
17692
17693
17694
17695
17696
17697
17698
17699
17700
17701
17702
17704
17705
17706
17707
17708
17709
17710
17711
17712
17713
17714
17715
17716
17718
17719
17720
17722
17723
17724
17726
17727
17728
17729
17731
17732
17733
17734
17735
17736
17737
17738
17739
17740
17743
17745
17747
17748
17749
17750
17751
17752
17753
17755
17756
17757
17759
17762
17765
17766
17767
17769
17770
17771
17772
17773
17774
17776
17777
17778
17781
17782
17783
17784
17786
17787
17788
17789
17790
17791
17792
17793
17794
17795
17796
17798
17800
17801
17804
17806
17809
17810
17813
17814
17815
17817
17819
17820
17821
17822
17824
17825
17826
17827
17828
17829
17830
17831
17832
17833
17835
17838
17839
17840
17842
17843
17844
17845
17846
17847
17848
17849
17850
17851
17852
17854
17855
17857
17858
17859
17860
17861
17863
17864
17865
17866
17867
17869
17870
17871
17872
17873
17874
17876
17877
17878
17879
17880
17881
17882
17883
17886
17887
17888
17889
17893
17895
17896
17898
17899
17900
17901
17902
17903
17904
17905
17907
17908
17910
17911
17912
17913
17914
17915
17916
17917
17918
17919
17920
17921
17923
17924
17925
17926
17927
17928
17929
17930
17931
17932
17933
17935
17937
17939
17940
17941
17942
17943
17944
17945
17946
17947
17948
17950
17951
17952
17953
17955
17956
17957
17958
17959
17960
17961
17963
17964
17965
17967
17970
17971
17972
17974
17976
17977
17978
17979
17981
17984
17985
17986
17987
17988
17989
17990
17991
17992
17993
17994
17995
17996
17997
17999
18000
18001
18002
18004
18005
18006
18007
18008
18009
18010
18011
18012
18014
18015
18016
18019
18021
18022
18023
18024
18026
18027
18028
18029
18031
18032
18034
18035
18036
18037
18038
18039
18040
18041
18043
18044
18046
18047
18048
18049
18052
18054
18057
18058
18059
18060
18061
18064
18065
18066
18067
18068
18069
18071
18075
18076
18077
18078
18079
18080
18081
18082
18083
18084
18085
18086
18087
18089
18091
18092
18093
18094
18096
18097
18098
18099
18100
18102
18103
18104
18105
18106
18108
18109
18110
18111
18112
18113
18114
18115
18116
18117
18118
18119
18120
18121
18122
18123
18124
18125
18126
18127
18128
18131
18132
18133
18134
18135
18136
18137
18138
18140
18142
18143
18144
18145
18146
18147
18149
18150
18151
18152
18154
18155
18156
18157
18158
18159
18160
18162
18163
18164
18165
18166
18167
18169
18170
18171
18172
18173
18175
18177
18178
18180
18181
18183
18184
18185
18188
18189
18190
18191
18193
18194
18195
18196
18197
18198
18199
18201
18202
18203
18204
18205
18206
18208
18209
18210
18211
18212
18213
18215
18216
18217
18218
18220
18221
18222
18223
18224
18225
18227
18228
18229
18230
18231
18232
18233
18234
18235
18237
18238
18239
18240
18241
18242
18243
18245
18246
18249
18250
18251
18252
18253
18254
18255
18256
18257
18258
18259
18260
18262
18263
18264
18265
18266
18267
18268
18270
18271
18272
18273
18274
18275
18276
18277
18278
18279
18280
18281
18283
18284
18285
18286
18287
18288
18289
18290
18292
18294
18295
18296
18297
18299
18300
18301
18303
18304
18305
18307
18308
18309
18310
18311
18313
18314
18315
18316
18318
18319
18320
18321
18322
18323
18324
18325
18326
18329
18330
18332
18334
18335
18336
18337
18339
18340
18341
18342
18343
18344
18345
18347
18348
18349
18350
18351
18352
18353
18354
18356
18357
18358
18359
18360
18361
18362
18364
18365
18366
18367
18369
18370
18371
18373
18374
18375
18376
18378
18379
18381
18382
18383
18384
18385
18386
18387
18391
18393
18396
18397
18400
18401
18402
18404
18405
18406
18407
18408
18409
18411
18412
18413
18415
18417
18418
18419
18420
18421
18422
18423
18425
18426
18428
18429
18431
18432
18433
18434
18435
18436
18437
18438
18439
18440
18443
18444
18445
18446
18447
18449
18450
18451
18452
18453
18454
18456
18457
18458
18459
18461
18462
18463
18464
18465
18466
18467
18468
18469
18470
18471
18473
18474
18475
18476
18477
18478
18480
18481
18482
18483
18484
18485
18487
18488
18489
18490
18492
18493
18495
18496
18497
18498
18499
18500
18501
18502
18503
18504
18505
18506
18507
18508
18509
18512
18514
18517
18519
18520
18521
18522
18523
18525
18526
18527
18530
18531
18532
18533
18536
18537
18538
18539
18540
18541
18543
18544
18545
18546
18547
18548
18549
18551
18552
18553
18554
18555
18556
18557
18558
18559
18560
18561
18563
18564
18565
18566
18567
18568
18569
18570
18572
18573
18574
18575
18576
18578
18579
18580
18581
18582
18583
18584
18585
18588
18589
18590
18591
18593
18594
18595
18596
18597
18598
18599
18600
18603
18604
18605
18606
18608
18609
18610
18611
18613
18614
18615
18616
18617
18618
18619
18620
18621
18622
18624
18625
18628
18629
18630
18631
18632
18633
18634
18635
18636
18637
18638
18639
18641
18642
18643
18645
18646
18647
18651
18652
18653
18654
18655
18656
18657
18658
18660
18661
18662
18663
18664
18666
18667
18668
18669
18670
18674
18675
18676
18677
18678
18679
18682
18683
18684
18686
18687
18688
18691
18692
18693
18694
18695
18696
18697
18698
18699
18700
18701
18702
18703
18705
18706
18707
18708
18709
18710
18711
18712
18713
18714
18715
18718
18719
18720
18723
18725
18727
18728
18734
18735
18736
18737
18738
18740
18741
18742
18743
18744
18747
18750
18751
18753
18754
18755
18756
18757
18758
18759
18760
18761
18762
18764
18765
18766
18768
18769
18770
18773
18774
18775
18777
18778
18779
18780
18781
18782
18783
18784
18785
18786
18787
18789
18790
18791
18795
18796
18797
18798
18799
18801
18802
18803
18804
18805
18806
18807
18808
18809
18810
18812
18813
18814
18815
18816
18818
18819
18820
18822
18823
18825
18826
18827
18828
18829
18830
18831
18833
18834
18835
18836
18838
18839
18840
18842
18843
18844
18845
18846
18847
18848
18849
18850
18851
18852
18854
18856
18857
18859
18860
18861
18862
18864
18865
18866
18867
18868
18870
18872
18873
18874
18875
18876
18881
18882
18884
18885
18888
18889
18890
18891
18892
18893
18895
18896
18897
18898
18899
18901
18902
18903
18904
18905
18906
18907
18908
18909
18911
18912
18913
18914
18915
18916
18918
18919
18921
18925
18926
18928
18930
18931
18932
18933
18934
18935
18936
18937
18939
18940
18941
18942
18943
18944
18946
18947
18948
18950
18951
18952
18953
18955
18956
18957
18958
18960
18961
18965
18966
18969
18970
18971
18972
18973
18974
18975
18976
18978
18979
18980
18982
18983
18984
18986
18987
18988
18989
18990
18991
18993
18994
18996
18997
18998
19000
19001
19003
19004
19007
19009
19010
19011
19012
19013
19014
19015
19019
19020
19021
19022
19023
19024
19025
19026
19027
19028
19029
19031
19032
19033
19034
19036
19037
19038
19039
19040
19041
19044
19045
19047
19048
19049
19050
19051
19052
19053
19054
19055
19057
19058
19060
19062
19063
19064
19066
19067
19069
19070
19072
19073
19074
19075
19076
19078
19079
19080
19081
19082
19083
19086
19087
19088
19089
19091
19092
19093
19094
19095
19096
19097
19098
19099
19100
19102
19103
19104
19105
19106
19107
19108
19109
19110
19111
19112
19113
19116
19118
19119
19120
19121
19122
19123
19124
19125
19126
19127
19129
19130
19131
19132
19133
19135
19136
19137
19138
19139
19141
19142
19143
19144
19145
19147
19148
19150
19151
19152
19154
19155
19157
19158
19159
19160
19162
19163
19164
19165
19166
19167
19169
19170
19171
19172
19173
19175
19176
19177
19178
19179
19180
19182
19183
19184
19185
19186
19188
19189
19190
19191
19194
19196
19197
19198
19199
19200
19201
19203
19204
19205
19206
19207
19208
19209
19211
19212
19213
19214
19217
19220
19221
19224
19225
19226
19228
19229
19230
19231
19232
19234
19237
19239
19240
19241
19242
19243
19244
19245
19246
19248
19249
19250
19251
19254
19255
19256
19257
19258
19259
19260
19261
19262
19263
19264
19265
19266
19267
19268
19269
19270
19271
19272
19273
19276
19277
19279
19280
19282
19283
19285
19287
19289
19291
19292
19293
19296
19297
19298
19299
19300
19301
19304
19305
19306
19307
19310
19311
19312
19313
19314
19315
19317
19318
19321
19322
19323
19324
19326
19327
19328
19329
19331
19332
19334
19335
19336
19337
19339
19340
19342
19344
19345
19346
19347
19348
19350
19351
19352
19354
19355
19356
19357
19358
19359
19360
19361
19362
19363
19364
19365
19366
19367
19371
19372
19373
19375
19377
19378
19379
19380
19381
19382
19383
19386
19387
19388
19389
19390
19392
19393
19397
19398
19399
19400
19401
19404
19405
19406
19407
19409
19410
19411
19412
19414
19416
19417
19418
19420
19422
19423
19425
19426
19427
19428
19429
19430
19432
19433
19434
19435
19436
19437
19438
19439
19440
19441
19442
19443
19444
19446
19447
19448
19449
19450
19451
19452
19453
19454
19455
19456
19457
19458
19459
19460
19461
19462
19463
19464
19465
19466
19467
19468
19471
19472
19473
19474
19475
19476
19477
19478
19479
19480
19481
19483
19484
19485
19486
19488
19490
19491
19492
19495
19497
19498
19499
19500
19501
19502
19503
19504
19506
19507
19510
19511
19512
19513
19515
19516
19517
19518
19519
19520
19521
19522
19523
19524
19525
19526
19528
19530
19531
19532
19533
19534
19535
19536
19537
19539
19540
19541
19542
19543
19545
19546
19547
19551
19552
19553
19554
19555
19558
19559
19560
19561
19563
19564
19566
19567
19568
19569
19570
19571
19572
19573
19574
19575
19576
19577
19579
19580
19581
19582
19583
19584
19585
19586
19587
19589
19590
19591
19592
19593
19594
19597
19598
19600
19602
19603
19604
19605
19606
19607
19608
19609
19610
19612
19613
19614
19616
19617
19618
19619
19621
19622
19624
19625
19626
19627
19628
19629
19630
19631
19632
19633
19634
19635
19637
19638
19639
19640
19641
19642
19644
19645
19646
19647
19648
19649
19650
19651
19652
19653
19655
19656
19657
19658
19659
19662
19663
19664
19665
19666
19670
19671
19672
19673
19674
19675
19676
19677
19679
19680
19681
19684
19688
19689
19690
19691
19692
19693
19694
19696
19697
19698
19699
19700
19701
19703
19705
19706
19707
19708
19709
19710
19711
19712
19715
19716
19718
19719
19720
19721
19723
19725
19726
19727
19728
19729
19730
19732
19733
19734
19735
19736
19737
19738
19739
19740
19741
19742
19743
19745
19746
19747
19748
19749
19750
19751
19752
19753
19754
19755
19756
19757
19758
19759
19760
19761
19763
19764
19766
19767
19770
19771
19773
19775
19776
19777
19778
19779
19780
19781
19783
19784
19786
19787
19788
19789
19790
19791
19794
19795
19796
19797
19798
19799
19800
19801
19803
19805
19806
19807
19808
19809
19810
19812
19813
19814
19815
19816
19817
19818
19819
19820
19821
19822
19823
19824
19825
19826
19827
19828
19829
19832
19833
19834
19835
19836
19837
19838
19839
19841
19842
19843
19844
19846
19847
19848
19849
19850
19851
19852
19853
19854
19855
19856
19857
19859
19861
19862
19864
19865
19867
19868
19869
19871
19873
19875
19876
19877
19878
19879
19880
19882
19883
19884
19885
19886
19888
19889
19890
19891
19892
19893
19894
19895
19896
19897
19898
19900
19901
19902
19903
19904
19905
19906
19907
19908
19909
19910
19911
19913
19914
19915
19916
19917
19918
19920
19921
19922
19927
19928
19929
19933
19934
19935
19936
19938
19939
19940
19941
19943
19944
19945
19946
19948
19949
19950
19951
19952
19954
19956
19957
19959
19960
19961
19962
19964
19965
19966
19967
19968
19969
19970
19974
19975
19976
19977
19978
19979
19980
19981
19982
19983
19984
19985
19986
19987
19988
19989
19990
19991
19992
19993
19994
19995
19996
19997
19998
