9979
10097
10282
10347
10485
10522
10771
10905
11102
11239
11248
11258
11546
11606
11646
11720
11903
12293
12566
12614
12700
12794
12833
13036
13236
13299
13316
13354
13380
13421
13448
13477
13516
13675
13689
13963
13974
14002
14348
14465
14468
14601
14706
14885
14985
15072
15147
15217
15241
15272
15355
15432
15487
15637
15744
16044
16088
16124
16206
16376
16448
16602
16634
16670
16731
16835
16871
16884
16896
17171
17191
17201
17226
17432
17936
17973
18070
18072
18090
18236
18306
18535
18602
18733
18739
18767
18776
18871
18878
19117
19235
19316
19396
19514
19549
19588
19615
19636
19811
19887
19919
