11.2407782149 2252
11.2923408615 1278
11.3439035081 1318
11.3954661546 1437
11.4470288012 1506
11.4985914478 1739
11.5501540944 1906
11.601716741 1891
11.6532793876 1657
11.7048420341 19
11.7564046807 7
11.8079673273 4
11.8595299739 6
11.9110926205 8
11.962655267 3
12.0142179136 5
12.0657805602 4
12.1173432068 2
12.1689058534 0
12.2204685 3
12.2720311465 2
12.3235937931 1
12.3751564397 0
12.4267190863 1
12.4782817329 0
12.5298443795 5
12.581407026 2
12.6329696726 1
12.6845323192 1
12.7360949658 1
12.7876576124 2
12.8392202589 1
12.8907829055 0
12.9423455521 0
12.9939081987 3
13.0454708453 0
13.0970334919 1
13.1485961384 0
13.200158785 1
13.2517214316 1
13.3032840782 1
13.3548467248 0
13.4064093713 1
13.4579720179 0
13.5095346645 0
13.5610973111 0
13.6126599577 0
13.6642226043 1
13.7157852508 3
13.7673478974 2
13.818910544 0
13.8704731906 2
13.9220358372 0
13.9735984837 1
14.0251611303 2
14.0767237769 1
14.1282864235 0
14.1798490701 0
14.2314117167 1
14.2829743632 0
14.3345370098 0
14.3860996564 1
14.437662303 0
14.4892249496 0
14.5407875961 0
14.5923502427 0
14.6439128893 0
14.6954755359 0
14.7470381825 0
14.7986008291 0
14.8501634756 0
14.9017261222 0
14.9532887688 0
15.0048514154 0
15.056414062 0
15.1079767085 0
15.1595393551 0
15.2111020017 0
15.2626646483 0
15.3142272949 0
15.3657899415 0
15.417352588 0
15.4689152346 0
15.5204778812 0
15.5720405278 0
15.6236031744 1
15.675165821 0
15.7267284675 0
15.7782911141 0
15.8298537607 0
15.8814164073 0
15.9329790539 0
15.9845417004 0
16.036104347 0
16.0876669936 0
16.1392296402 0
16.1907922868 0
16.2423549334 0
16.2939175799 0
16.3454802265 1
