11.2407782149 1880
11.283005662 1114
11.325233109 1004
11.3674605561 1191
11.4096880032 1163
11.4519154502 1246
11.4941428973 1283
11.5363703444 1420
11.5785977915 1554
11.6208252385 1608
11.6630526856 1335
11.7052801327 20
11.7475075797 8
11.7897350268 9
11.8319624739 3
11.8741899209 5
11.916417368 7
11.9586448151 6
12.0008722621 3
12.0430997092 3
12.0853271563 3
12.1275546033 1
12.1697820504 4
12.2120094975 5
12.2542369446 3
12.2964643916 4
12.3386918387 1
12.3809192858 4
12.4231467328 1
12.4653741799 1
12.507601627 0
12.549829074 2
12.5920565211 1
12.6342839682 0
12.6765114152 1
12.7187388623 0
12.7609663094 0
12.8031937565 1
12.8454212035 2
12.8876486506 0
12.9298760977 0
12.9721035447 1
13.0143309918 1
13.0565584389 0
13.0987858859 1
13.141013333 1
13.1832407801 0
13.2254682271 0
13.2676956742 0
13.3099231213 1
13.3521505684 3
13.3943780154 0
13.4366054625 1
13.4788329096 2
13.5210603566 1
13.5632878037 0
13.6055152508 0
13.6477426978 0
13.6899701449 0
13.732197592 0
13.774425039 0
13.8166524861 1
13.8588799332 0
13.9011073802 0
13.9433348273 0
13.9855622744 1
14.0277897215 0
14.0700171685 0
14.1122446156 0
14.1544720627 0
14.1966995097 0
14.2389269568 0
14.2811544039 0
14.3233818509 0
14.365609298 0
14.4078367451 0
14.4500641921 1
14.4922916392 1
14.5345190863 0
14.5767465334 0
14.6189739804 0
14.6612014275 0
14.7034288746 0
14.7456563216 0
14.7878837687 0
14.8301112158 0
14.8723386628 0
14.9145661099 0
14.956793557 0
14.999021004 0
15.0412484511 0
15.0834758982 0
15.1257033452 0
15.1679307923 0
15.2101582394 0
15.2523856865 0
15.2946131335 0
15.3368405806 0
15.3790680277 0
15.4212954747 1
