33.206799343 7
33.2524007867 21
33.2980022304 15
33.343603674 27
33.3892051177 39
33.4348065614 52
33.4804080051 58
33.5260094487 60
33.5716108924 74
33.6172123361 70
33.6628137798 92
33.7084152234 89
33.7540166671 118
33.7996181108 135
33.8452195545 103
33.8908209981 144
33.9364224418 144
33.9820238855 129
34.0276253292 150
34.0732267728 173
34.1188282165 164
34.1644296602 174
34.2100311039 212
34.2556325475 187
34.3012339912 181
34.3468354349 221
34.3924368786 198
34.4380383223 218
34.4836397659 181
34.5292412096 162
34.5748426533 198
34.620444097 234
34.6660455406 207
34.7116469843 216
34.757248428 194
34.8028498717 191
34.8484513153 205
34.894052759 207
34.9396542027 210
34.9852556464 205
35.03085709 197
35.0764585337 185
35.1220599774 239
35.1676614211 204
35.2132628647 211
35.2588643084 201
35.3044657521 195
35.3500671958 183
35.3956686394 196
35.4412700831 210
35.4868715268 183
35.5324729705 208
35.5780744142 159
35.6236758578 175
35.6692773015 164
35.7148787452 160
35.7604801889 166
35.8060816325 168
35.8516830762 155
35.8972845199 165
35.9428859636 145
35.9884874072 145
36.0340888509 143
36.0796902946 150
36.1252917383 131
36.1708931819 131
36.2164946256 175
36.2620960693 146
36.307697513 130
36.3532989566 113
36.3989004003 127
36.444501844 103
36.4901032877 113
36.5357047313 113
36.581306175 101
36.6269076187 95
36.6725090624 105
36.7181105061 88
36.7637119497 74
36.8093133934 69
36.8549148371 72
36.9005162808 58
36.9461177244 57
36.9917191681 51
37.0373206118 71
37.0829220555 67
37.1285234991 58
37.1741249428 33
37.2197263865 38
37.2653278302 35
37.3109292738 38
37.3565307175 25
37.4021321612 22
37.4477336049 14
37.4933350485 9
37.5389364922 4
37.5845379359 0
37.6301393796 0
37.6757408232 2
37.7213422669 1
