33.1795915291 3
33.2251450023 8
33.2706984755 12
33.3162519486 19
33.3618054218 40
33.407358895 37
33.4529123682 48
33.4984658414 74
33.5440193145 79
33.5895727877 110
33.6351262609 133
33.6806797341 159
33.7262332073 165
33.7717866804 189
33.8173401536 172
33.8628936268 196
33.9084471 203
33.9540005732 210
33.9995540463 235
34.0451075195 229
34.0906609927 226
34.1362144659 207
34.1817679391 247
34.2273214122 227
34.2728748854 264
34.3184283586 279
34.3639818318 278
34.409535305 251
34.4550887781 320
34.5006422513 280
34.5461957245 290
34.5917491977 299
34.6373026709 265
34.682856144 289
34.7284096172 292
34.7739630904 272
34.8195165636 304
34.8650700368 309
34.9106235099 285
34.9561769831 275
35.0017304563 319
35.0472839295 288
35.0928374027 265
35.1383908758 287
35.183944349 264
35.2294978222 269
35.2750512954 296
35.3206047686 276
35.3661582417 281
35.4117117149 246
35.4572651881 278
35.5028186613 270
35.5483721345 264
35.5939256076 263
35.6394790808 240
35.685032554 245
35.7305860272 239
35.7761395004 272
35.8216929735 234
35.8672464467 234
35.9127999199 217
35.9583533931 226
36.0039068663 194
36.0494603394 230
36.0950138126 204
36.1405672858 199
36.186120759 178
36.2316742322 193
36.2772277053 194
36.3227811785 175
36.3683346517 178
36.4138881249 161
36.4594415981 172
36.5049950712 150
36.5505485444 144
36.5961020176 145
36.6416554908 133
36.687208964 113
36.7327624371 122
36.7783159103 116
36.8238693835 94
36.8694228567 92
36.9149763299 89
36.960529803 107
37.0060832762 75
37.0516367494 75
37.0971902226 75
37.1427436958 65
37.1882971689 63
37.2338506421 52
37.2794041153 60
37.3249575885 42
37.3705110617 43
37.4160645348 22
37.461618008 21
37.5071714812 14
37.5527249544 8
37.5982784276 5
37.6438319007 1
37.6893853739 1
