26.3462214241 8
26.4964370134 21
26.6466526027 45
26.7968681921 69
26.9470837814 79
27.0972993707 167
27.24751496 224
27.3977305493 325
27.5479461386 359
27.698161728 435
27.8483773173 492
27.9985929066 572
28.1488084959 614
28.2990240852 617
28.4492396745 681
28.5994552639 669
28.7496708532 661
28.8998864425 617
29.0501020318 653
29.2003176211 538
29.3505332104 554
29.5007487998 543
29.6509643891 507
29.8011799784 502
29.9513955677 451
30.101611157 433
30.2518267463 389
30.4020423357 354
30.552257925 314
30.7024735143 334
30.8526891036 251
31.0029046929 252
31.1531202822 252
31.3033358716 222
31.4535514609 211
31.6037670502 169
31.7539826395 170
31.9041982288 134
32.0544138181 126
32.2046294075 125
32.3548449968 86
32.5050605861 94
32.6552761754 79
32.8054917647 80
32.955707354 82
33.1059229434 52
33.2561385327 58
33.406354122 61
33.5565697113 52
33.7067853006 43
33.85700089 28
34.0072164793 30
34.1574320686 22
34.3076476579 19
34.4578632472 19
34.6080788365 17
34.7582944259 19
34.9085100152 15
35.0587256045 19
35.2089411938 15
35.3591567831 17
35.5093723724 8
35.6595879618 8
35.8098035511 11
35.9600191404 9
36.1102347297 2
36.260450319 1
36.4106659083 4
36.5608814977 3
36.711097087 6
36.8613126763 5
37.0115282656 1
37.1617438549 3
37.3119594442 3
37.4621750336 3
37.6123906229 2
37.7626062122 3
37.9128218015 2
38.0630373908 0
38.2132529801 0
38.3634685695 0
38.5136841588 1
38.6638997481 1
38.8141153374 0
38.9643309267 0
39.114546516 0
39.2647621054 0
39.4149776947 1
39.565193284 0
39.7154088733 0
39.8656244626 1
40.0158400519 1
40.1660556413 1
40.3162712306 0
40.4664868199 0
40.6167024092 1
40.7669179985 1
40.9171335878 0
41.0673491772 1
41.2175647665 1
