26.3713106458 10
26.547190213 30
26.7230697802 47
26.8989493474 99
27.0748289147 127
27.2507084819 272
27.4265880491 389
27.6024676163 484
27.7783471835 565
27.9542267507 654
28.130106318 695
28.3059858852 711
28.4818654524 690
28.6577450196 756
28.8336245868 748
29.009504154 750
29.1853837213 687
29.3612632885 643
29.5371428557 664
29.7130224229 584
29.8889019901 522
30.0647815573 495
30.2406611246 458
30.4165406918 399
30.592420259 387
30.7682998262 322
30.9441793934 301
31.1200589606 275
31.2959385278 239
31.4718180951 224
31.6476976623 215
31.8235772295 179
31.9994567967 141
32.1753363639 135
32.3512159311 116
32.5270954984 108
32.7029750656 99
32.8788546328 79
33.0547342 84
33.2306137672 53
33.4064933344 53
33.5823729017 43
33.7582524689 38
33.9341320361 43
34.1100116033 35
34.2858911705 31
34.4617707377 28
34.637650305 24
34.8135298722 19
34.9894094394 15
35.1652890066 13
35.3411685738 8
35.517048141 9
35.6929277082 7
35.8688072755 6
36.0446868427 8
36.2205664099 3
36.3964459771 10
36.5723255443 7
36.7482051115 4
36.9240846788 8
37.099964246 1
37.2758438132 3
37.4517233804 1
37.6276029476 3
37.8034825148 1
37.9793620821 0
38.1552416493 1
38.3311212165 0
38.5070007837 1
38.6828803509 1
38.8587599181 2
39.0346394854 1
39.2105190526 1
39.3863986198 0
39.562278187 0
39.7381577542 0
39.9140373214 0
40.0899168886 1
40.2657964559 1
40.4416760231 0
40.6175555903 1
40.7934351575 0
40.9693147247 1
41.1451942919 0
41.3210738592 0
41.4969534264 0
41.6728329936 0
41.8487125608 0
42.024592128 0
42.2004716952 0
42.3763512625 0
42.5522308297 0
42.7281103969 0
42.9039899641 0
43.0798695313 0
43.2557490985 0
43.4316286658 0
43.607508233 0
43.7833878002 1
